1
199
69
203

2
7
395
27

3
149

4
216
141

5
160
112

6
57
122

7
21
2

8
169

9
211

10
322

11
236

12
336
180

13
192
255

14
136

15
161

16
94

17
248
175

18
124

19
101
230

20

21
62
48
85
7
82

22
179

23

24
307
371

25
209

26
201
333

27

28
289
81

29
147
287

30

31
251
83

32
237

33
194

34
104
156

35
21

36
260
301

37
20
353
116

38
368

39
145
357
373

40
242
190

41
179

42
262
59

43
92

44
334
71
131

45
153
142

46
207
345

47
23
166
212
225

48
331
21
62

49
378

50
205
306

51
97
181

52
322

53
395
67

54
219

55
129
172

56
395
288

57

58
15
214

59
275

60
164
206

61
376

62
139
318
21
48
82

63
259
339
281
102

64
124

65
95
184

66
303
355

67
395

68
124

69
39

70
200

71
44
332

72
385
119

73
239
134

74
114

75
157

76
399
168

77
197

78
314

79
117

80
45

81
192

82

83
276
319

84

85
53
267

86
386

87
372
202

88
194
383

89
178
234
398

90
327

91
381

92
169

93
138

94
130
187

95

96
154
243

97
196
146

98
195
52

99
188
283

100
11
236

101
291

102
31

103
268
90

104

105
70

106
68

107
354

108
224

109
26
120
361

110
316
296

111
378
49

112

113

114
28
289

125
16

116
336
374

117
228
324

118

119
312
54

120
201
340

121
232
335

122
249

123
179
304

124
55

125

126
91

127
169

128
233
375

129
80

130
356
204

131
353
44

132
315

133

134
245
239

135
30
244

136
399
168

137
363
256

138
295

139
384

140
79

141
273

142
198
221

143
3
302

144
181
352
284

145
99

146
97
377

147
231
345

148

149
344
329

150
261

151
295
362

152
238
29

153
298
221

154
247
86

155
400

156
313

157
269
227

158
348

159
299
17

160
317

161
280

162
73

163
191
222

164
366

165
38
297

166
328

167
55
100

168
10
110

169
80

170
77
197

171
95

172

173
34

174
46
271
393

175
248
84

176
210
305

177
390
246

178

179
235

180
320
220
359

181
51
215
144

182
270
126
163

183
167

184
294
391

185
111

186
313

187
300
98

188

189
215

190
382

191

192
209

193
25

194
51

195
372
202

196
97
272
392

197
277
50

198
257
108

199
39

200
341
13

201
382
40

202
229
372

203
39

204
14
136

205
161
277

206
366

207
140

208
274
323

209
342

210

211
321
240

212

23

213
4

214
161

215
181
189
397

216

217
118
78

218
370

219
159

220
278

221
66
75

222
330
133

223
70

224
367
143

225
23

226

227
308
252

228
83

229
32
372

230
291

231
345

232
22

233
43

234
279

235
152

236
364

237
309

238
63
135

239
208

240
41

241
59

242

243

244
347

245
208

246
167

247
286

248
95

249
57
47

250
34

251
177
396

252
76

253
85

254
327

255
389

256
109
60

257
369

258
89
113

259
31

260
5
112

261
379
9

262
108
59

263
346
155

264

265
213

266
253

267
21
35

268

269
386

270
91

271
207

272
196

273
167

274
253
148

275
165

276
380

277

278
24

279
78
217

280
179

281
31

282
194

283
327
103

284
144

285
358
218

286
74
114

287
174

288
332
325

289
351

290
348

291
363
256

292
111

293
313

294

295
176

296
57
122

297
368

298
349
142

299
121
19

300
322

301
260

302
258
3

303
313

304
179

305
241

306
58

307
338

308
76

309
239
134

310
80

311
194

312
182

313
394

314
399
168

315
286
183

316
6

317
223
105

318
387
353
139
62

319
264
128

320

321
41

322
57
249

323
266

324
228
83

325
332

326
180
343

327
388
226

328
365
87

329
313

330
137

331
48
27
139

332
71
56

333
242
190

334

335
22

336
12
37
326

337
25

338
263

339
117

340
333

341

342
292
185
111

343
180

344
75
221

345
132

346

347
265
213

348
245
134

349
151
285

350

351
337

352
144

353
37
131
318

354
65
171

355

356
32
136

357
72

358
218

359

360
132

361
201
333

362
93
295

363
197
170

364
68
106

365
158
290

366
201

367
3

368
293
186

369
173
250

370
262
42

371
338

372
61

373
72

374
336

375

376
162
73

377
146
310

378
88

379

380
36

381
22

382
179
123

383
311

384
318

385
254

386
125
115

387

388
226
150

389
193
25

390
114

391
103
327

392
196

393
207

394
96

395
2
85
56

396
83

397
215

398

399
328
168

400
# Victory