1
306
67

2
123
310

3
26
345

4
339
275

5
337
374

6
69
321

7
373

8
27

9
254
235

10
311

11
217

12
376

13
43
70

14
92

15
268
111

16

17

18
399
50

19
392

20
360

21
102
140

22
359
217

23
215
116

24
274
13

25
120
169

26
82
312
353

27
84

28
383

29
332

30

31
259

32
109

33
217

34

35
218
279

36
119
330

37
308

38
369

39
351
255

40
231

41
380

42
100

43
189
14

44
280
217

45
164

46
340
293

47
375
125

48
208
186

49
144

50

51
148
349
227

52

53
73
364

54

55
217

56
103
273
79

57
239

58

59
209
236

60
193

61
386

62
161

63
274

64
313
226
365
9

65
172

66

67
295
380

68
320

69
122
321

70
189
14

71
185
157

72
180
121

73

74
383
135

75
105

76
25

77
123
310

78

79
314

80
338

81
133

82
353
161

83
171

84
281
333

85
168

86
23
287

87
352
271

88
141
4

89
240
146

90
179
132

91
45
164

92
63
274

93
57

94
52
242

95
282
383

96

97
185
157

98

99
343
285

100
317
130

101
74
28
248
225

102
195
388

103
79

104
332

105
196
368

106
160

107
155
223
8

108
38
96

109
171

110
370
61

111
246
284

112
258

113
379

114
386

115
210
177

116
89

117
219
174
3

118
335
133

119
221
233

120
169

121
68

122
277
321

123
176
310

124
295
61

125

126
367
173

127
332

128

129
298

130
276
317

131
49
20

132
123
310

133
335

134
391
147

135
383

136
316

137
372

138

139
303

140
195
388

141
363
203

142
188

143
16
381

144
341
91

145
310

146
229

147
371

148
187
227

149
105

150
95
282
383

151
27
304

152
86
321

153
231

154
332

155

156
73

157
308

158
6

159
260
283

160
31
296

161

162
383

163
143

164
253

165
190
62

166

167
201
292

168
242
94

169
10
366

170
77
2

171
383

172
150
83

173
234
367

174
80

175
57

176
299
30

177
288

178
300
18

179
112
315

180
68

181
357
261

182
61

183
89

184
24

185
308

186
17
397

187
118
81

188
21
388

189
92

190
80

191
6

192
40
153

193
39

194

195
318
388

196
272
85

197
265

198
389
289

199
160

200
310

201
400

202

203
29

204
388
170

205
48

206
378
47

207
394

208
270
247

209
298

210
260
283

211
61

212

213
278

214
120
329

215
186
116

216
48

217
73
156

218
279

219
80

220
86

221
310

222
275
104

223

224
115
163

225
383
135

226
108
369

227
246
284

228
263
325

229
257
336

230
394

231
371
60

232
15
51

233
221

234
400

235
309

236
298

237
318
90
132

238
75
149

239
106
199
355

240
396
307

241
41
290

242
377

243
136

244
134
297

245
27

246

247
85

248
383
135

249
310

250
167
346
128

251
224

252
99

253
341
172

254
309

255
72
68

256
29

257

258
36
30

259
158
191

260
46
142

261
357
390

262
372

263
54
145

264
340
293

265
131
198

266
192

267
87
394

268
214

269
379
113

270
258

271
97
37

272
368

273
314

274
288
112
143

275
332

276
317

277
206

278
165
117

279
124
114

280
217

281
193
385

282
383
101

283
264
216

284
335
133

285
116

286
244
297

287
215
116

288
188

289
49
20

290
380

291
178
300
18

292
346

293
361

294
129
298

295
110
182

296

297
75
149

298
376
50

299
330
269

300
382
50

301
152
34

302
76

303
356
224

304
245
107

305
188

306
380

307
146

308
386

309

310
217

311
267

312
353
161

313
213
174

314
181

315
123
310

316
86

317
393
184

318

319
35
114

320
228

321
384

322
335
133

323
19

324
243
166

325

326
265
197

327
136

328
348

329
302
76

330

331
139
303

332
347
50

333
26
345

334
172

335
262
137

336
392

337
237
132

338
286

339
222
275

340
361

341
172

342
362

343

344
387
298

345
100
42

346
212

347
232
194

348
5
90

349
118
81

350
362

351
274
13

352
207
230

353
42

354
380

355
259

356
251
202

357
319

358
305

359
217

360
65
334

361
238
105

362
78
151

363
127
154
256
29

364
250
343

365
266
192

366
332
10

367

368
85

369
281
333

370
138
211

371
331

372
162

373
175
93

374
237
90
132

375
327
301

376
326

377
200
249

378
136

379
310

380
88
398
344

381
204
348

382
98

383
181
56

384
99
252

385
39

386
7
373

387
59
294

388
123
310

389
360

390
114

391
331

392
350

393
305
358

394
308

395
241
354

396
146

397
85

398
291

399
376
12

400
# Victory