1
129
156
203

2
8

3
259
163
156
144

4
15
257

5
94
220

6
155

7
129
276

8
294
346
383

9
26
117
387

10
123

11
237

12
82
192

13
79

14
195
203

15
257
209

16
146
391

17
210

18

19
171
57

20
208
49

21
156
144

22
307
141

23
142
111

24
324
245

25
84

26
234
309
117
387

27
191

28
332

29

30
132
206

31
228

32
211
384
129

33
155

34
228
252

35
171
57

36

37
342

38
205
310

39
302

40

41
316

42

43
303
198

44
177

45
215
110
281

46
168

47
255
368
62

48
159
4

49

50
60
201

51

52
314
212

53
136

54
90
156
144

55
335

56
43

57
246

58
139309
221

59
126
317

60
129
144

61
225
4
119

62
147
109
368
47

63
190
390

64
309
26
387

65

66
26
117
387

67
381
27

68
121
339

69
362
81

70
50
277
76

71
227
112

72
226

73
125
263
340

74
326
372
345
210

75
358
127
246

76
70
277
321

77
144
129

77
301
287

78
166
218

79
241
351

80
225
271

81
178
370

82
192
23

83
106

84
10
140
374

85
184
311

86
33
229
367

87
214
380

88
197
160
115

89
54
349

90
377
156
144

91
190
107

92
34
200

93
153
210

94
191

95
368

96
196

97
188
162

98
136

99
360
316

100
77

101
131

102
300

103
384
318

104
273
124
55
165
143
325
306

105
177

106
398
388

107

108
238
375

109
7
336
170
254

110
129
144

111

112
28
333
283

113
67

114
328

115
63
172

116
238
276
129
144

117
289
64

118
182
20

119
330
291

120
89

121
351

122
177

123
53
98
183

124
335
202

125
232
389

126
317
152

127
35
313

128
84

129
75
246

130
269
292

131
299
337

132
100
344

133
158
180

134
143
242
306

135
177

136
46
374

137

138
315
193
261

139
79

140
123

141
137

142
323

143
242
306
325

144
369
22
167
284

145
182
20

146
18
329

147
368
47

148
8
2

149
135
347

150
366
233

151
244
96

152
351

153
173
210

154
381
27

155
25
128

156
122
293

157
324

158

159
225
4
179
61

160
91
40

161
352

162
327
149
224

163
187
3
156
144

164
56
43

165
143
306
325

166
78

167
223
16

168
374

169
99

170
368

171

172
190
107

173
17
356

174
252

175

176
194

177
384
32

178
169

179
298
350

180
243
354

181
156
144

182
41
208
49
316

183
136

184
5
249
67

185
70
76
321
129
144

186
334
252

187

3
156
144

188
177

189
106

190
69

191
39
231

192
142
111

193
261
396

194

195
278
364
66

196
386

197
69

198
150

199
227
112

200
174
65

201
76
277
321
144
129

202
143
306
325

203
309
26
117
387

204
301

205
93
262

206
77

207
285
353

208
316

209
386

210
80
271

211
103
318

212

213
290
341

214
400

215
325

216
236

217
278
203

218
244
96

219
248

220
191

221
13
264

222
359
274

223
36
144

224
105
188

225
365
389

226
395
354

227
195
203

228
174
65

229
155

230
171
57

231
320

232
354

233
31

234
309
117
387

235
304

236
352
161

237
381
27

238
276
129
144

239
341

240
363
280

241
355
282

242
143
104
325
306

243
354
175

244
386

245
324

246
74
345
210

247
323

248
204
301

249
154

250
382

251
131

252
11
154
373
85
113

253
278
203

254
194

255
95
176

256
37
114

257
226

258
28
283

259
90
377

260
275

261
129
144

262
210

263
232
389

264
305
379

265
290
341

266
131

267
240

268
97
149
224

269

270
210

271
151
78
72

272
129
144

273
335
202

274
250
394

275
260

47
62
368

277
396
138

278
195
203
14
376

279
342

280
43

281
129
144

282
68

283
203
28
333

284
1

285

235
312

286
240

287
219
371

288
102
52

289
309
26

387

290
382
222

291
350

292
87
308
397

293
149
327
97
224

294
346
383

295
21
120

296

297
236

298
385
350

299

300
279
256

301
2
148

302
12
393

303
56
164

304
285
353

305
79

306
144
129

307
144
137

308
269
130
292
338

309
195
278

310
299
337

311
11
154

312

313
171
57

314
300

315
70
76
321
277

316
269
130
292

317

318
384

319
158
73
389

320

321
134
45
129
144

322
144

323
6
86
155

324
92
252

325
277
70
76

326
38
266

327
268
44

328
342

329

330
350

331
157

332
26
117
387

333
9
258

334
174
65

335
143
306
325

336
194

337
210

338
145
118
29

339
59

340
232
389

341
88
378

342
13
264
58

343

286
267

344
77

345
251
101

346
294
383

347
97
224
327

348
43

349
181

350
357
189
83

351
216
297
241

352
24
331

353
265
399

354
83
189
357

355
68

356
210

357
3
163

358
246
230
19

359
382

360
182
20

361
185
261

362
178

363
43

364
253
217

365
225
73

366
31

367
155

368
321
45

369
322

370
178

371
248

372
131
345
270

373
5
249

374
207
304

375
116
272

376
71
199

377
295
90
156
144

378
88
42

379

380
87

381
191

382
341

383
343

384
276
108
129

385
330
291

386
159
225
4

387
156
129

388
156
144

389
175

390
190
51

391
144
36

392
30
77

393
82
192

394
239
296

395
133

396
70
76
321
129
144

397
269
130
292
338

398
3
163

399
213
320

400
# Victory