1
50
253
302

2
277
359

3
86
192
332

4
280

5
96
380

6
149

7
215

8
77

9
92

10
74

11
203

12

13
206

14
288

15
289

16
205
89
355

17

18
362
154

19
337

20

21
200
222
188
107

22
363
216

23
236

24
118
339

25
76
298

26
389
295

27
307
188
246

28
338

29
101

30
364
244

31
369

32
167
268
312

33
70

34
56
116

35
62
386

36
370

37
247

38
385
309

39
2

40

41
22

42
179
198

43
123

44
321
250

45
89
168
222
355

46
38

47
322

48
400

49
352

50
211
135

51
40
224
292

52
178

53
9
95

54
108
166
396

55
388

56
356

57
109
234
335

58
304
259
136

59
96

60
395
191

61
100

62
386

63
313

64
138

65
265
3

66
297

67
220
117

68
219
120

69
347
197

70
103

71
177
327

72
393
33

73
182
240

74
157
353

75
143

76
298

77
252

78
110

79
144
252

80

81
63

82
304

83

84
225
43

85
206

86
124

87
257

88
159

89
168
45
16

90
364

91
153
22

92
320
243
134
18

93

94
263

95
320

96
190

97
375

98
49
175

99
317

100
7
215

101
184
65

102
308
185

103
230

104
112

105
281

106
132
180

107
264
334
222
21

108
141
80

109
47

110
132
20

111
154

112
365
202

113
66

114
397

115

116
56

117
220

118

119
249

120

121

122
36
370

123
4
280

124
283
357

125
207

126
167
268
312

127
298

128
179

129
203

130
63

131
375

132

133
81

134
315
154
18
111

135
221
193

136
226
384
212

137
26
183

138
287
346

139
301

140
38

141
296

142
379

143
239
91
391
273

144
317
201
99

145
253

146
361
44
217

147
369

148
206

149
100

150
33
393
77
230

151
350
249

152
274
366

153
22

154
90

155
199
214

156
379
291

157
381

158
178

159
324
143

160

161
369

162

163
305
285

164
261
345

165

166
206

167
268
312

168
89
45

169
247

170

171

172
159

173
2

174
378

175
352

176
82
25

177
171

178
331
232

179
207

180
314
325

181
369

182
64

183
298

184
65

185
354

186
28

187
302

188
39
21
200
27
307

189
92

190
377
208

191
6
272

192
124

193
249

194
359
334
246

195
321
58
93

196
35
386
62

197

198
15
289

199
394

200
61
21
188
246
334

201
5

202
64

203
310

204
217

205
277
16
264

206

207
333
150
275

208
377

209
127
269

210

211
37
169

212
326

213
181
358

214

215
174
373

216
393

217
340
156
242

218
343
71

219
78

220
142
293

221
123

222
355
45
107
21

223
151

224
19
337

225
69

226
259

227
39

228
102

229
22

230
60
241

321
304

232
331

233
270
53

234
47

235
162
344

236
206
319
85

237
133
306

238
160
341
48
367
349

239
328
22

240
64

241
60

242
156

243
315
134

244
364

245
203

246
200
194
27

247
105
303

248
203
393

249
10

250
291

251
225
43

252
212
326
173

253
119
398

254
195

255
63
130

256
374
52

257
376

258
51
170

259
213
147

260
186
161

261
163

262
84
284

263
25

264
355
205
382
107

265
124

266
38

267
375

268
23
312

269
56
116

270
53

271
115
137

272
149

273
387
22

274
390
139

275

276
203

277
39
205
382
2

278
112

279
199

280
371

281
383

282
165
139

283
75
323

284
43
299

285
360

286

287
361
146

288
125
207

289
114
397

290
201

291
311
195

292
66
113

293
379

294
399
144
252

295
185
354

296
336
17

297
106

298
34
316

299
251

300
269

301
189
372

302
223
145

303
383
135

304
260
286

305
285

306
12

307
27
188

308
256

309
385

310
73
351

311

312
236

313
104
278

314
132
235

315
30

316

317
98
290

318
94
263

319
13
148
54

320
210
243

321

322
228

323
357

324
143

325
68

326
173

327
233
301

328
41

329
29

330
38

331
99

332
393

333
150

334
107
200
194
382

335
47

336
79

337
122
83
40

338
282
152

339
196
162

340
156
424

341
160

342
38

343
171

344
162
24

345
261

346
361
220
67

347
279
155

348
87

349
160

350
164
123

351
64

352
267
131
97

353
381

354
388
55

355
222
264
16
45

356
171
218

357
88
172

358
369

359
194
382
2

360
57

361
156
204

362
90

363
203

364
224

365
276
394
11

366
274

367
160

368
38

369
271
318

370
40
297

371
32
126

372
189

373
248
174

374
52

375
29
329

376
128
179

377
72

378
129
245

379
195
254

380
96
59

381
84
262

382
277
359
334
264

383
74
187

384
176
259

385
38
140
46
330
266
342
392
368

386
309

387

388
300
209

389

390
139

391
229
22

392
238

393
237
255
12

394
276

395
149

396
206

397
87
348

398
123

399

400
#Victory