1
13
388
31

2
255
271
35

3
356

4
321
264

5
125

6

7

8
319
254
149

9
94

10
322
187
192

11
249
49
129
256
344
389
111

12
294
60

13
31
388
361

14
297
351

15
70

16
89

17
219

18
30
62

19
179
110

20
221

21
284
98

22
247

23
59
144

24
247

25
356

26
96
166

27
331
175

28

29
357
385

30
294

31
388
13
361

32
203
261

33
199
243

34
76

35
255
271

36
89

37
387
146

38
82

39
299
232
7

40
339
109

41
128
125
67

42

43
206
277

44
356

45
161

46
371
228
173
293

47
184
147

48
289
367

49

50
271

51
36

52
180
115

53
177

54
279
257

55
32

56
225
143
352

57

58
245

59
260
91

60
6
136

61
11
108

62
294

63
89

64
381
155

65
187
144
47

66
265
343

67
19

68
168
274

69
193

70
87

71
104

72

73
265
392

74
229
87

75

76
268
366

77
57
46

78
385

79
120
51
349

80
54
257

81
34
132

82
244
395

83
319

84
309

85
223

86
134
105

87
301

88
131

89
202

90
38

91
263
260

92
44

93
206
296

94
278
378

95
153

96
114

97
204

98
240

99
164

100
66

101
312

102
195
39

103
377

104
18
380
277

105
283
157

106
385
357

107
359
12

108
285
391

109
275

110
106

111
9

112
162
192
322
187

113
272

114
341
189

115
170

116
363
69
222

117
194

118
100
66

119
68
274

120
135
36

121
368

122
73
198

123
18

124
211
375

125
160
67
41

126
203

127
312

128
125
67

129
11

130
220

131
313
174
158

132

133
57
46
57

134
319

135
89

136
376

137
355
329

138
200
5

139
257

140
373
77

141
223

142
155

143
92
352
225

144
162

145
384
396

146
53

147
88
270

148
350
237

149
280

150
52
170

151
58
145

152
74

153
375
124
137

154
311
353

155
186
99

156
61

157
319

158
181
313

159
386
5

160
385
357

161
185

162
333

163
66
210
45

164
239

165
229
253

166
213

167
36

168
188
68
274

169
218
17

170
64
320

171
269

172
306
65
208
382

173

174
181
313

175
330
27

176
22
247
24

177
247
399

178
32

179
29

180
33
170

181
314
107
12

182
321
264

183
68
274

184
162
333

185
145

186
318
164

187
162
208
172
65

188
215
346

189

190
48

191
9

192
208
47
333

193
363

194
374
169

195

196
335
312

197
310

198
287
230

199
292
324

200
337

201
189

202
141
85

203
313
174
158

204
307

205
14

206
231
71

207
76

208
47
333
213

209
21

210
45

211
375

212
275

213
23
288

214
63
167

215
119
183

216
82

217
248
133

218
56

219
235
370
291

220
10
172
187
332
382

221
94

222
363

223
300
251

224
362

225
44

226
78

227
247

228
400

229
15
70

230
185

231
104

232
257

233
204

234
266
178
159

235
25
291

236
190

237
121
37

238
40
212
109

239
236

240
79

241
364
317

242
80

243
394
199

244
395

245
204

246
276
14

247
156
72

248
57
46

249
11

250
325
66

251
354
300

252
142
44

253
301

254
319
149

255
326

256
191

257
207
327

258

259
197
310

260

261
315
126

262
214
340

263
53

264
216

265
230

266
379

267
14
246

268
61

269
156

270
131

271
154
353

272
176
227

273
44

274
312
196

275
364
317

276
281
304

277
123
18

278
372

279
257

280
319

281
14
334
95

282
97

283
83
157

284
240

285
328

286

287
66
360
163

288
23

289
171
267

290
201
303

291

292
186
99

293

294
363
116

295
376

296
338
43

297
323

298
175
27

299
7

300
122
369

301
217
140

302
384
396

303
189
209

304

305
102
398

306

307
332
390
20

308
336

309
156

310
50
271

311
138
353

312
2

313
181

314
295

315
203

316
134
86

317
364
298

318
164

319
148
237

320
381
155

321
90
216

322
208
192
172

323
41
67

324
308
75

325
66
287

326
226
78

327
132
81

328
233

329
375
274

330
397
117

331
242
80

332
221

333
26
213

334

335
101
127

336
186
99

337
152

338
43
206
277

339
241

340
36

341
21

342
151
245

343
230
265

344
191

345
153
258
205

346
119
183

347
303
201

348
393
170

349
262
16

350
146

351
297

352
273
252

353
229
87

354
102
305

355
345
286

356
282
97

357
259

358
383
309
84

359
376

360
265

361
130
93
158

362
68
168
274

363
8
316

364
175
27

365
379

366
61

367
289

368
387
146

369
118
66

370
291
3

371

372
348

373
371
228
173
293

374
169

375
224
362

376
238

377
358
139

378
372

379
32

380
365
234

381
308
75

382
162
208
65
10

383
309

384
103

385
182
4

386
32

387
131

388
42
31
13
361

389
11

390
221

391
249
49
129
256
344
389
111

392
287
66

393
170
150

394
199

395
165
301

396
113
103

397
194

398
195
39

399
114
290

400
# Victory