1
92
104
288

2
170
396

3
103
330

4
15
390

5
54
77

6
207

7
349
128
22

8
87
116

9
28

10
224
359

11
34
368

12
366
273

13
139

14

15
73
397

16
336

17
233
147
180

18

19
134
290

20

21
366
221

22
91
223

23
140

24
362

25
272
39
99

26
177
308
88

27
212
179

28
61
304
167

29
254
202

30
327
210
130

31
335

32
122
312

33
290

34
368

35
53

36
168

37
315

38
139

39
18
84

40
85
154

41

42
336

43
143
169

44
382
278

45
14
90
68

46
120

47
355

48
82

49
387
210
130

50
307

51

162

52
286
75

53
129
325
5

54
98

55
255
324

56
73
379

57

58
17
388

59
222

60
133

61

62
346
398

63
214
348

64
259
186
197
352

65

66
208
160

67
49
210

68
149
225

69
35

70

71
397
94
218
340

72
230
263

73
353

74
355

75
237

76
172
194

77
98

78

79
61
262
323

80
295
114

81
155

82
72
309
343

83
102

84
151

85
27

86

96
236

87
116

88
177
308

89
277
362

90

91

92
81
192

93
146

94
25
151
397
218
340

95
153
358

96
331

97
111

98
268
388
356

99
204

100

101

102
355
150

103
201

104
264
23

105
241
274

106
181

107

108
205
250

109
7

110
376
399

111
341
200
292

112

113
336

114
307

115
316

116
193
209

117

118
355

119

120
311

121
239

122
6
345

123
132
231

124
219
237

125
53

126
355

127
247
377

128
244
333

129
44
9

130
344

131
45

132
231
312

133
325

134
290

135
357

136
287
256

137
276

138
199
171

139
66
385

140
329

141
335
149

142
391
107

143

144
235

145
152
29

146
135

147
381

148

149
313

150
310

151
204

152
254
202

153
283
306

154
105

155
301
249

156
355

157
195
253

158
258
285
369
270

159
183
252

160
191
208

161

162
175

163
26
4

164
294
237

165
355

166
168
17

167
392
323

168

169
334
320

170
217
284

172
315

173

174
92
104
182

175
378
328
314
18

176
307

177
121
109

178
200

179

180
381

181

182

183
5
325

184

185
310

186
227
240

187
82

188
79

189
166

190

191
347

192
155

193
271
322

194
158
206

195
370

196
291

197
352

198
165

199
386
42
106

200
375

201
62
305

202
337
229

203
52
75

204
363
165
137

205

206
22

207
133

208
319

209
351
393

210
242

211
58

212
45
131
365

213
123
132
32

214
120

215
187

216
226
375

217
199

218
25
151
397
94
340

219
237
203

220
73
379

221
366

222
297

223
251
95

224

225
374
31
335
389
161

226
19

227
10

228
360
274

229
372

230
343

231
213
32

232
120

233
89

234
140

235
55
260
65

236

237
93

238
89

239
7

240
352

241
318

242
150

243
395

244
76
37

245
154
40
112

246
216

247

248
133

249
329
394

250
400
119

251
113

252

253
173
48

254
372

255
302

256
296
13

257
105

258

259
10

260

261
7

262
111

263
383

264
234

265
58

266
380

267
342
165

268
300
211

269
207

270
244
22

271
322

272
165

273
366

274

275
280
78

276
344

277
24
127

278
188
361

279
384

280
299
354

281
139

282
269
122

283
16
69

284
113

285

286
237

287
7

288
174

289
137
165

290
67

291

292
246
178

293
276

294
124
219

295
307

296
373
281

297
128

298
71

299
108

300
265

301
182

302
238

303
289

304
148
97

305
62
398

306
113

307
282

308
121
261

309
230
115

310
267

311
163

312
231
213

313

314
64

315
333
2

316
263

317
19

318
27

319
86

320
183

321
12
21

322
164
237
203

323

324
302

325
70
368
11

326

327
130

328
64

329
63
367

330
228
245

331
7

332
24

333
244
158

334
47
74
279
156

335
313

336

337
372

338
26

339
135

340
25
151
397
94
218

341
375

342
71
371

343

344
43
110
159

345
248
60

346
228
245

347
7

348
163

349
59
128

350
123
395

351
322

352

353
136

354
196
266

355

356
388
268

357
3

358
35
125

359
293

360
257

361
61
304
323

362
277
157

363
51
126
132

364
338
220

365
68
335

366
254
202
145

367
46
232

368
138
113

369

370
82

371
117
198
298

372
50
80
101
350

373
38
100

374

375
33
317

376
334

377
332
215

378
64

379
353

380
108

381
268
388

382
28

383
8
87
116

384
183

385
319

386

387
30
185

388
189

389

390
41
364
56

391
128

392
111

393
36

394
140

395
176
243

396
95

397
94
218
340

398

399

400
# Victory