1
164
15

2
318
202

3
350
156
278

4

5
155
61

6
158

7
74
161

8
70
215
163

9
77
113

10
139
36
51

11
205
360
107

12
303
361

13
187

14
311

15
41

16
79
102

17
309
397

18
97
221

19
252

20
370

21
48

22
231
366

23
226

24
75

25
2
7

26
372
176
264

27

28
274
124
173

29
80

30
324
187
373

31
263

32
92

33

34
107

35
221

36
72

37

38

39
50

40
297
232

41
164
137

42
201

43
23

44
117

45
180
120
95

46
363

47

48
199
345

49
59

50
287

51
351

52
154
84

53
386
118
192

54
326
284

55

56
8
70
121
163

57
224
38
142

58
310
361

59

60
28

61
54

62
244
213

63
187

64
198
37
358

65
384

66
39

67
21

68

69
318

70
260
369
163
320

71
382
209

72
251
139

73
68
3

74
161

75
159
322

76
319

77
266
103

78
323

79
270
102

80
179

81
330
181

82
98
177
366

83
214
365
301

84
376

85
40

86

87
335
352
64

88
323

89
308
256

90

91
313

92
183
220

93
53

94

95

96
117

97
221

98
269
336
366

99
273
309

100
106
299

101
323

102
7

103
85

104
355
305

105
45
207
120

106
212

107
148
203
399

108
160
380

109
47
338

110
35
127
18

111
59

112
22
135
347

113
77
103

114
377

115
63
13

116
237

117
261
302
344

118
238

119
129

120
268
95
357

121
342
389

122
280

123

124
379
9

125
206
383

126
9
103

127
221

128
17
211

129
94
151

130

131
105
45
207

132
187

133
157
27

134
86
174

135
366
312
269

136
32

137
71

138
114

139
7

140
339
287

141
206

142
239
57

143
369
215
292

144
353

145
323

146
69

147

148
336
366
248

149
304
255

150
58
153

151
25

152
200

153
106
299

154
68
122
165

155
54

156
363

157
114

158
111
59
49
194

159
322

160
354
307
375

161
241

162
315

163
215
70
121
369

164
346
62

165
29
68

166
237

167
173

168
195
67

169
17
211

170
69

171

172
329

173
219
266

174
385

175
306
259

176
264
372
314

177
231
22
203

178
273

179
296
392

180
131
105
207

181

182
56

183
243

184
134

185
348

186
364
20

187
400

188
367

189
324
373

190
43

191
139
36

192

193
141
383
125

194
296

195
21

196
363

197
362
103

198
185
290

199
345

200
99
365
73

201
291
26
234

202
252
19

203
112

204
380
160

205
34
135
336

206
279

207
45
357
120

208
348
198
87

209
227
300

210
327

211
101

212
258

213
14

214
51

215
240
190
292

216
81
229
130

217
112
177
285

218
318

219
126
297

220
243

221
283

222
119

223
158
6

224
140
89

225
175
123

226
254
279

227

228
298
210

229
253

230
114

231
248
206
193

232
182
254

233
333

234
26
176
372

235
309
397
211

236
341

237
216

238
16
7

239
272
188

240
23

241
57
142

242
173
124

243
343
331

244
213

245
257

246
275

247
158
6

248

249
136

250
100
12

251
51

252
144
218

253
316

254
11

255
223
6
325

256

257
173
242

258
337

259

260
369
320
143
389

261
354
307
375

262
323

263
327

264
398
109
314

265
200

266
362
197

267
359

268
294

269
34
22
217

270
162
315

271
171
317
354

272
367

273
210
228

274
332

275
24

276
132
115

277
51

278
327
129

279
52

280
165

281
228
178

282
32

283
2

284
233

285
148
177
203

286
249

287
166
116

288
275

289
364

290
128
358
368

291
234
26
47

292
389

293
88
381

294
349

295
380

296
208
358
368

297

298
289

299
258

300
60
242

301
334
191
277

302
261
344

303
212

304
149
255
396

305
385
184

306
356

307
271

308
30

309
78

310
212

311
44
96

312
22
269
347

313
328

314
291
109
338
47

315
83

316
265
152

317
354

318
349
267

319
236
341

320
143
369
389
215

321
177
396

322
225

323
93
386
118
192

324
387

325
158
247

326
104
355
305

327
347
391
230

328
137
182

329
282

330
253

331
243

332
390

333
168
195
67

334
214
365

335
198
37

336
217
82
112

337
4
156
46
196

338
222

339
39
66

340
304
149
255

341
33
91

342
70
215
90

343
293

344
394
204

345
250
150

346

347

348

349
5
395

350
372
321

351
42
65
384

352
198

353
146
170

354
76

355
104
305

356
388

357
95
268

358
393

359
180
131
105

360
285
98
248

361

362
103

363
288
246
275

364
329
286
249
172

365
10

366
231

367
237

368

369
215
389
342

370
32

371
242
274
257

372
291
314

373
140

374
147
138

375
271

376
281
31

377
186
32

378
169
235

379
332

380
160

381

382
257
245
371

383

384

385
284

386
93
118
192

387
140

388
276

389

390
9
167

391
157
133

392
340

393
378

394
295
55
108

395

396
294
193
110

397
262
145

398
222

399
269
112
312

400
# Victory