1
55
127

2
188

3
282

4
226

5
296

6
57

7
354
314

8
287

9
339
157

10
360
86
54

11
321

12
399
164

13
165
387

14
135

15
319
331

16
188

17
228
97

18
211
227

19
243

20
280

21
181

22
102

23
152

24
377
205

25
185

26
162
42

27
370
344

28
92
220

29
272
77

30
351

31
397

32
362

33
97

34
386
171

35
284
365

36

37
367

38
238
349

39
103

40
326

312

41
291
180

42
218

43
357

44
140

45
141
396

46
400

47
351

48
317
64
232
93

49
316
124

50
234
305

51
42
385

52
313
121

53
339

54
349

55
127

56
302
250

57
259
303

58
265
375

59
264

60
3

61
281

62
247

63
126
190

64
251

65
343
97

66
321

67
83
235

68
287

69
367

70
240

71
56
302
250

72
160

73
346
4
137

74
138
358
283

75
43

76
273

77
372
45
396

78
332
63

79
46

80
251

81
49
233

82
123

83
292

84
287

85

86
378
256
119

87
135

88
53

89
254

90
210
275
74
138
358
283

91
245

92
44

93
152

94
222
174

95
261
150

96
229

97
124
172

98
59

99
284
304

100
241

101
181

102
240
328
257

103
327
181
128

104
88
348

105
276
41
276

106
253
155

107
245
290
43

108
289
369

109

110
46

111
150

112
189

113
294
124

114
393

115
203

116
356

117
237
279

118
257

119
54

120
300

121
376
25
209

122
51
345

123
50

124
306
177
373
28

125
398
307
272
77

126
46

127
167

128
310
168
224

129
268

130
260

131
18
227

132
17

133
188

134
319
247

135
215
183
250

136
216
184
72
129

137
349
4

138
358
283

139
245

140
325

141
296

142
46

143
249

144
101

145
266
156

146
58
334

147
333

148
97
380
33

149
391
200
382

150
371
175

151
46

152
307
125

153
124

154
385
274

155
385

156
285
356

157
388
85

158
239
338

159
337

160
225
255

161
185

162
42

163
245

164
246
124

165
387

166
110

167
347
223

168
208

169
236

170
203

171
114

172
201
113

173

174
297
30

175
198
394

176
188

177
373
28

178
374
227
98

179
283

180
185
254

181
379
53

182
257
301

183
71

184
6
303

185
73

186
292

187
353
123
82

188
61
2
295
16
336
176
133
213

189
395
125
307

190
46

191
250
87
311

192
339
157

193
285

194
130
260

195
283

196
3
17
320

197
263
32

198
269

199
384
142

200
362
112

201
392
124

202
11
66

203
314
7

204
100
156

205
268
136

206
368
119
207
70

208
329
258

209
185
359

210
283

211
242
227

212
3
196
60

213
188

214
150

215
71

216
184
72
129

217
254
4

218
90

219
358
283

219
107
75

220
92
383

221
272
77

222
351

223
143

224
108

225
20

226
194
130
260

227
59

228
262
97

229
197
362
149

230
381

231
110

232
251

233
124

234
305

235
322

236
52

237
192
9

238
337
159

239
278
39

240
257
182

241
156

242
178
227
98

243
146
271

244
199
78

245
324
248
17

246
355
81

247
397
361
31

248
3
196
60

249
207
270
22

250
181
128

251
152

252
151
308

253
354

254
137
346
4

255
216
184
129

256
206

257
2
38

258
144
101

259
303

260
19
243

261
214
111
341

262
97
148
363

263
362

264
315
333

265
99

266
204
156

267
24
377
205

268
366

269
244
94
332
63

270
102

271

272
296

273
140

274
218

275
74
138
358
283

276
185

277
40
104

278
103

279
339
157

280
330

281
96

282
132
17

283
131
227

284
154
7

285
356
335

286
84

287
218
106

288
349

289
76

290
91
245

291
89
217

292
314
122

293
114

294
392
124

295
188

296
15

297
351

298
45
396

299
123

300
377
205
267

301
257

302
250

303
72
129

304
284
35

305
27
219
245

306
373
28

307
221
29
173
109

308

309
62

310
21

311
14
87

312
104

313
212

314
218

315
147
333

316
153

317
251

318
351

319
62
309

320
17

321
187

322
292

323
8
84

324
3
212
17
196
60

325
188

326
120

327
191

328
118
257

329
101
144

330
145
156

331
319
247
134

332
47
318

333
34
364

334
58

335
116
169

336
188

337
10

338
103

339
120

340
68
286

341

342
149
395

343
97

344
219
245

345
51

346
4

347
249

348
326

349
158
103

350
181

351
79
252

352
152

353
299
82
123

354
186
322
67

355
153

356
36
193

357
163
139

358
179
195

359
105
161

360
54

361
397

362
342

363
65

364
393
34

365
170
389

366
84
8
323
340

367
117

368
288

369
76

370
107
245

371
175

372
298

373
28

374
98

375
99

376
25
209

377
255
160

378
286

379
69
390
37

380
65

381
261
150

382
112

383
76
108

384
231
166

385
26

386
293
114

387
23
352
80
48
251

388
277

389
115

390
267

391
382

392
12

393
202

394
269

395
13

396

397
95
230

398
307
272
77

399
246

400
# Victory