1
233
89

2
275

3
160

4
352
23

5
98
164
328

6
129
306

7
267
81

8
391

9
108

10
88

11
317
214

12
391

13
286

14
189

15
169

16
348

17
160

18
326
127

19
176

20
165
281
236

21
345
171

22
241

23
106
274

24
99
334

25
207

26
98

27
310

28
366

29
76

30
250

31
287

32
294

33
311
257

34
387
18

35
157

36
153

37
112
245

38

39
349

40
265
390
360

41
372

42
4

43
381

44
18

45
63
93
142
166
284
330
356
376
384

46
212
187

47
158
325

48
368

49
200
116

50
238
292

51
294

52
182
318

53
261
300

54
363

55
98

56
257
275

57
378

58
387
18

59
252
234

60
88

61
223
152

62
357
149

63

64
133
196

65
276

66
324
141

67
135
251

68
216
259

69
239
117

70
4

71
23

72
235
389

73
160

74
269
369

75
194
39

76
332

77
160

78
21

79
263

80
265
40

81
379
122

82
140

83

84
131
301

85
180
122

86
395

87
221

88
270
167

89
314
120

90
176

91
123

92
397

93
74
45

94
275

95
355
380

96
201
44

97
160

98
341
26
246
185

99
379
122

100
295

101
397

102
167

103
50
337

104

105
115

106
155

107
125
213

108
286

109
144
222

110
280

111
391

112
245

113
342

114
311
257

115
374
18

116
27
226

117
354
168

118
11
272

119
160

120
353
30

121
82
260

122
51
229
123
20

124
361

125
213

126
93
166
330
356
376
384
74

127
279
383

128
299
339

129
98

130
278
225

131
150

132
160

133
295

134
46
218

135
319

136
292

137
70

138
67
319

139
295

140
57
378

141
377

142

143
160

144
277
29

145
7
81

146
122

147
232
305

148
399

149
210

150
391
275

151
197

152
254
392

153
221
240

154
400

155
343
249

156
264

157
160

158
347
54

159
92
308

160
398

161
86
368

162
375
276

163
391

164
296
350

165
75
273

166
45
74

167
23
4

168
13
239

169
370

170
295

171
399

172
225
278

173
160

174
137
394

175
280

176
258
225

177
329
58

178

179
95

180
42
4

181
290
41

182
318

183
91

184
293

185
321

186
359

187
94
257
275

188
278

189
204
313

190
248
393

191
31

192
53
333

193
160

194
349

195
49
399

196
72

197
85
167

198
168

199
295

200
138
116

201
44
34

202
53
333

203
391
209

204
16
348

205
95

206
303

207
66
283

208
321

209
114
33

210
191
385

211
18

212
187

213
175
344

214
275

215
64

216
271
328

217
331
21

218
56

219
160

220
14
388

221
351
268

222

223
254
186

224
278

225
12
391

226
310

227
322

228
95

229
32
51

230

231
382

232
305
100

233
177
314

234
379
122

235
307
199
291

236
113
362

237
366

238
292

239
128
339

240
349

241
115
161

242
174

243
60
10

244
381

245
315
88

246
98

247
160

248
393

249
6
208

250
181
304
211

251
319

252
24
320

253
84
150

254
359

255
107
213

256
365

257
86

258
28

259
271
328

260
82

261
91
183

262
160

263
8
111

264
78
217

265
360

266
163
188
2

267
81

268
64

269
47
369

270
167

271
162
276

272
346
209

273
153

274
155

275
15
169

276
298

277
76

278
159
308

279
383

280
364
101

281
342

282
97

283
393

284

285
335
154

286
309
227

287
77

288
96

289
371
178

290
372

291
295

292
25
205

293
264

294
174
242

295
399

296
350

297
37
88

298
361
338
256
124

299
189

300
261

301
150

302
160

303
130
368

304
18

305
72

306
55
373

307
295

308
255
92

309
322

310
289

311
266
257

312
184

313
348

314
22
115

315
88
81
145

316
160

317
214

318
396
271

319
88
386

320
122

321
43
244
83

322
104
195

323
71
23

324
156
190

325
158
54

326
127

327
157

328
321
65

329
288
96

330
45
74

331
148

332
61

333
261
53

334
102
146

335

336
234

337
207

338
361

339
220
388

340
160

341
65
276

342
87
36

343
52
208
318

344
280

345
399

346
134

347
363

348
399

349
147

350
65
276

351
139
170
268

352

353
250

354
168
198

355
264

356
45
74

357
210

358
69

359
45

360
121
38

361
332

362
342

363
285

364
19
90

365
321

366
103
136

367
17

368
79
263

369
325

370
62
224

371
336
59

372
118
203

373
98

374
172
161

375
65
80

376
45
74

377
184
312
228

378
332

379
323
230

380
264

381
265
40

382
398

383
391
209

384
45
74

385
31

386
151
243

387
253
150

388
9
108

389
100

390
109
360

391
202
192

392
359

393
205
377

394
23
70

395
48
206

396
68
5
271

397
391

398
69

399
297
116

400
# Victory