1
37
225

2
396
140

3
18
125

4
316

5
270
211

6
48
389

7
366

8
224
108

9
220

10
297

11
221

12
246
267

13
142

14
388
60

15
87
181

16
350
49

17

18
395
35

19
347
212

20
341
263

21
159
74

22
361

23

24
220

25
198
315

26
382

27
319

28
182
143

29
130

30
358
390

31
232
300

32
280

33
392
256

34

35
92
223
311

36
180

37
145
346

38
266
331

39
254

40
382

41
195
385

42
206

43
188

44
297

45
130

46

47
245
218

48
98
315

49
128
279

50
219

51

52
197
378
18

53

54
209

55
114

56
382

57
144
27

58
274

59

60
165
95

61
378
18

62
153
339

63
124
255
314

64
52

65
113

66
362

67
213

68
252
312

69
188

70
323

71
26
227

72
284

73
130

74
192

75
238
180

76

77
154
205
320

78
253
240

79
301

80
3
18

81
376

82
130

83
188

84
155
120

85
299

86
340

87
275

88
259

89
280

90
270
211

91
178

92
133

93
235
381

94
234

95
352
177

96
138
310

97

98
184
315

99
137
177

100
19
173

101
281
64

102
113

103

104
49

105

106
269
62

107
209

108
280

109
24
135

110
50

111
297

112
47
369

113
262
84

114
241
327

115
28
295

116
85

117
213

118
178

119
318
94

120
238
180

121
17

122
190
272

123
220

124
314

125
166

126
371
302

127
323

128

129

130
114

131
21

132
377

133
264
382

134
202
55

135
220

136

137
328
177
31

138

139
384
215

140

141
217
95

142
208

143
242

144
219

145
329
107

146
368

147
220

148

149
113

150
101

151
280

152
276

153
379

154
90
387

155
290

156
38

157
382

158
238
180

159
192

160

161
231
80

162
315

163
78

164
278

165
293
122

166
132

167
229
399

168
365
105

169
130

170
43
375

171
2
257
130

172
249
40

173
50

174
278

175
292
52

176
196

177
63
314

178
59
13

179
209

180
325
68

181
114

182
143

183
230
81

184
315

185
274

186
278

187
72
129

188
277
353
139

189
130

190
95

191
312

192
380
258

193

194
378
117

195
314

196
15

197
172
71

198
239
315

199
33

200
164
34

201
137
177

202
336
244

203
12
337

204
53

205
5
306

206
44
151

207
304
344
147
283

208
106
216
356

209
286
131

210
68

211
115

212
50

213
49

214
116
383

215

216
269
62

217
14
95

218
287
141

219
17
121

220
261
86

221
76

222
285
25
315

223
395
311

224
303

225
58
185

226
134

227
382

228
364
260

229
399

230
376

231
3
18

232
99
201

233
176
15

234
298
203

235

236

237
104

238
168
88

239
362

240
52

241
248
148

242
295

243
270
211

244

245
218

246
43
375

247
189

248
174
291
391

249
61
157

250
224
108

251
31
137

252
191

253
52

254
79

255
41
124

256

257
29
247
169

258
309

259
180

260
127
51

261
307
86

262
75
296

263
108

264
382

265
73
330

266
357
100

267
397
170

268
338
102

269
288
23

270

271
78

272

273
372
393

274
199
342

275
398
181

276
382

277
384
215

278
70
374

279
292
52

280
343
166

281
163
324

282
278

283
109
9
326

284
31
177

285
345
315

286
21

287
141

288
379

289
220

290
180

291
327
148

292
333
126
150

293
95

294
166

295
16

296
156
38

297
280

298
203

299
36
158

300
137
177

301

302
101

303
108

304

305
323

306
243
320

307
194
67

308
162

309
119
234

310
186
282

311
382

312
349
233
6

313
366

314
368
146

315
265
130

316
359
91

317
351

318
234

319
180

320
211

321
400

322
382

323
4
386

324
271
363

325
210
136

326
123
289

327
200
96

328
284
187

329
179
367
54

330

331
110

332
377

333
52

334

335
218

336
114

337
69
83

338
22
149

339

340
49

341
32
250

342
77
211

343
125
294

344
220

345
66
103

346
209

347
50

348
161
3

349
226
134

350
167
399

351
178

352
251

353
175

354
53

355
213

356
269
62

357
319
57

358
203

359
317

360
304
344
147
283

361
149

362
315

363
78

364
323

365
88

366
279

367
209

368
81
183

369
335
218

370
29
247
169

371
52

372

373
237
355

374
305
228

375
188

376
65
268

377
85
214

378
3
18
348

379
394

380
309

381
11
221

382
112
218

383

384
7
313

385
314

386
316

387
243
320

388
95

389
162
308

390
203

391
327
148

392
115

393
42
160

394
236
39
301

395
322
56

396
82
370

397

398
181

399
97
207
360

400
# victory