1
229
375

2
143
155
22

3

4
358
179

5
319
144

6
339

7
262

8
92
218

9
378
201

10
389
314

11
151
230

12

13
278

14
239
322

15
166
275

16
279
76

17
295

18
123

19
150

20
36

21
110

22
189

23
1

24
9

25
382
104
152

26
135

27
306
77
345

28

29
104
50
198

30
144

31
81

32
156
247

33
216

34
276

35
390

36
294
134

37

38
11

39
78

40
227
79

41
194
363

42
335
217

43

44
9

45
106

46
162
193

47
170

48
357
205
97

49
360
72

50
373
171

51
369

52
339
197

53
109

54
32

55
211
173
126
296

56
249

57
246
365

58
135

59
22
398

60
372

61
190
268

62
144
366
297

63
14

64
36

65
138
334

66
172
343
144

67
220

68
397

69
175

70
330
51

71
25

72
367
21

73
327

74
143
22
263

75
337
24

76
318
144

77
225

78
341
386
184

79

80
262

81
199

82

83
304

84
385
106
5

85
174

86
36

87
37

88
160
364

89

90
362
185

91
249
293

92
331
164

93
135

94
377
15

95
186
316

96
340
105

97
175
69

98

99
129
359

100
62
366

101
351
393

102
398
59

103
203

104
178
214

105
167

106
371
5

107
211
55
347

108
295
208
17

109
36

110
85
233

111
61

112
68

113
164
27

114
150

115
329
15

116
32

117
48
252

118
144

119
333

120
144

121
157
248

122
78
265

123
312

124
140

125

321
212

126

127

128
150

129
209
273

130
339

131
222
394

132
280
370

133
12
283
307

134
294

135
328
260

136
399

137
95
316

138
395

139
266
396

140
49
383

141
225

142
228
80

143
271
181

144
300
42

145

146
64
257

147
52
10
235

148
60
192

149
348

150
221

151
338
215

152
387
308
104

153
395

154
255

155
326
57

156
247
75

157
27

158
332
289

159

160
264

161
298
103

162
254
2

163
18

164
261
368

165
348
224

166
40

167
37

168

169
2

170
369

171
18

172
203

173
211

174
291

175
353
234

176
292
204

177
91
309

178
244
43

179
281

180
71
13

181
299
342

182
236
16
381

183
290
109

184
256
386

185
310

186
210
352

187
50
282

188
340
105

189
349
88

190
285
130

191
48
23

192
328

193

194
363

195
348

196
399
67

197
339
259

198

199
102

200
2
169
384

201
242

202
348
149

203
120
392

204

205

206
68

207
94

208
395
153

209
359

210
316

211
259

212
38
154

213
344
70

214
86

215
230

216
119
333

217
376
177

218
113
27

219
122
305

220
136
399

221
356
258

222
327

223
111
83

224
26
58
93

225
117
23

226
39
28

227
139
25

228
68

229
320

230
277
100

231

232
336
282
187

233
174
311

234
31
102

235
22

236
30
325

237
65
324

238
18

239
165
348

240
5

241
310

242
148
315

243
16
118

244
86

245
124
274
140

246
115
329

247
44
270

248
27

249
19
313

250
61
355

251
390

252
191

253
400

254
2
384

255
73
131

256
372

257
20

258
82
206

259
22

260
348
202

261
27

262
68

263
76
101

264
41
125

265
39
226

266
71
180

267
144
66

268
22

269
183
109

270
328

271
61
223

272
112
7

273
359

274

275
323
79

276
138
334

277
84
5

278
22

279

280
2

281
328

282
104
50

283
63
374

284
45

285
147
6

286
390

287
11

288
246

289
96
188

290
109
53

291
348
286

292
90
216

293
114
128

294
8
391

295
237
364

296
211
317

297

298
103
144

299
342
380

300
42

301
94

302
87
133

303
11

304
250
159

305
39

306

307
14

308
104
232

309
293

310
132
2

311

312
104
278

313
150

314
52
389

315
372

316
45
361

317
268

318

319
161
267

320
143
74

321
255

322
245
140

323
227

324
364
34

325
381
16

326
57
22

327
11
303

328
219
98
305

329
3
301
207

330
369

331
157
248
121

332

333
193
46

334
395

335
217

336
29
282
187

337
9

338
100

339
268

340

341

342
380

343
203

344

345
306
141

346
144

347
55
211

348
4
358

349
379
264

350
251
35

351
33
204

352

353
234

354
170

355
61

356
272
388

357
97

358
54
116

359
269
109

360
110

361
284
127

362
241
185

363
255

364
395

365
196
288

366
182
243

267
195
1454

368

369
253
89

370
200
169

371
5
240

372
108
295

373
163
238

374

375
143
22

376
177

377
15

378

379
160
264

380
61
223

381
144
16

382
99
146

383
165
348

384

385
95
137

386
341

387

388
262
142

389
107
259

390
213
348

391

392
346
231

393
292
204

394
168
287

395
354
47

396

397
158
289

398
143

399
15

400
# Victory