1
201
174
148

2
101
256
60

3
173
208

4
45

5
90
2
18

6
42

7
51

8
59
102

9
118

10
34
31

11
282
332
221
353

12
35

13
64
113
211
162

14
82
61

15
294
48
317

16
150

17
216
158
26

18
67
90
2

19
32
69

20
106

21
78
118
252
101

22
109
125
224

23
106

24
362
73

25
41
319

26
372
284

27
77
126

28
111
63

29
155
112
395
164

30
159
107

31
58
227
319
114

32
132

33
86
133

34
71
363

35
160
14

36
134
183

37
65
149
335

38
8
371

39
90
2
18

40
138
187

41
319

42
165
10

43
14
91

44
83
31
101

45
85
135

46
298
208

47
348

48
294

49
95
144

50
99
326

51
101

52
352
320

53
4
45

54
103
152
299

55
123

56
35

57
252

58
227
319
114

59
371

60
110
101
256

61
108

62
150
195

63
178

64
383

65
335

66
264

67
115
163

68
227

69

70
127
159

71
199
143

72

73
121
218
170

74
104

75
146
254
209
185
303
394
332
47

76
346
26

77
177
228

78
360
252

79
373

80
31

81
11

82
108
161

83
129
231

84
25

85
186
206

86
179
233

87
244

88
122

89
40

90
141
18
2

91
157

92
294

93
194
125
109

94
328
374
14

95
351
166

96
371
8

97
47

98
117

99
326

100
42

101
332
172
221
353

102
232
160
273
323
222
120
59

103
90
18
2

104
12
56

105
81

106
164
29
23
145
237
400

107
70

108
213
161
257

109
224

110
156
214

111
212

112
164

113
358
138
187

114
168

115
217
265

116
319

117
298
208

118
251
205
373

119
198
248

120
102

121
266
314

122
127
180

123
191

124
200
231

125
22

126
228

127

128
153
215

129
200

130
271

131
15
92

132
176
66

133
33
380

134
79

135
315
253

136
97

137
45

138
187

139
320
52

140
346
26

141
192
243

142
96
38

143

144
193
351
166

145
164

146
75

147
157

148
246
295
344
197

149
175
203
261

150
263
207

151
252

152
250
103

153
302
244

154
294
131

155
164

156
101
256

157
210
259
230

158
346
76
274

159
225
269

160
102

161
279
325
356

162
383

163
90
2

164
106

165
100
6

166
118
252
240

167
140
72

168
385
270

169
332
221
353

170
121

171
244

172
238
275

173
298

174
223
362

175
335

176
20
276
293

177
228

178
212

179
280

180
120
230

181
136
47

182
52
139

183
240
252
101

184
142
371
8

185
75

186

187
236
285

188
294

189
220
259

190
81

191
204
43

192
292
18
2

193
249
300

194
224
22

195

196
116

197
13
295
344

198
27

199
226

200
290
316

201
148

202
252

203
361
244

204

205
318
373

206
45

207
263

208
310
365

209
75

210
262
359
230

211
309
260

212
268
339

213
257
161

214
101
256

215
283
153

216
26
158

217
311

218
121

219
130
387

220
120
259

221
364

222
102

223
321
272

224
257
108
161

225
269

226
286
331

227
369
397

228
362
277

229
304
189

230
255
371
8

231
101

232
102

233
280
380

234
25
84

235
294

236
334
383

237
400

238
105
332
221
353

239
313

240
322
288
118
252

241
55

242

243
2
18

244
137
53
4
45

245

246
295
344

247
116

248
80
68

249
351
166

250
2
18

251
373

252
330
316

253
382

254
75

255
313
371
8

256
305
351
166

257
338
108
161

258
242
75
181

259

260
309

261
335

262
306
359
230

263
324

264
343
381

265
311

266
314

267
42
245

268

269
301
368
101

270
227
319

271
98
46

272
24
370

273
102

274
26
216
158
17

275
347
81

276
343
381

277
362

278
239

279
341

280
337

281
71

282
332
221
353

283
302

284

285
383
236

286
31

287
229

288
151
322
202

289
244

290
316

291
196

292
388
340

293
264

294
131
182
267
34
31

295
393

296
241
191

297
154

298
354

299
349
39

300
351
166

301
327
368
101

302
391
335
37
171

303
75

304
104
74

305
355
49

306
359
230

307
258

308

309
138
187

310

311
342
380

312
289

313
367
184

314
362

315
382

316
390
101

317
375
235

318
79
36
373

319
87
227

320
267
34
31

321
362

322
379

323
102

324
7
386
51

325
341

326
2
18
377
54
90

327
62
16

328
82

329
71
399

330
44
124

331
227

332
221
353

333
123

334
236

335
361

336
219
392
271

337
380

338
384
229
224

339
19
357

340
2

341
274
167

342
33
380

343
106

344
13

345
196

346
26

347
396
190

348
297
204
154

349
103

350
191

351
366
9

352
320

353
307
258

354
389

355
351
166

356
341

357

358
40
89
187
138

359
122
88

360
252

361
289
312

362
50

363
399
329
281

364
332
353

365
389

366
57

367
278
239

368
62

369
234

370

371
22
93

372
28

373
240
252

374
328
259

375
294

376
198
248

377
5
90
2
18

378
47

379
21

380
90
2

381

382
271
392
336

383
27
126
228

384
229
287

385
227
319

386

387

388
18
2

389
333
296

390
30
70

391
335

392
336
271

393
13

394
75

395
106

396
221
332
353

397
345
291
247

398
2
90
18

399
140
119

400
# Victory