1
260
118

2
398

3
182
60

4
132

5
321
83

6
145
37

7
335

8
104
276

9
281
138

10
230

11
354
226

12
312
207

13
279

14
352

15
240
207

16
217
74

17
291
192

18
273

19
218

20
208
109

21

22
154

23
171

24
280
70

25
372
71

26
59
84

27
193

28
256

29
115

30
176

31
134
13

32
131

33
292

34
381

35
97

36
373
304

37
294

38
305

39
299
57
79
165
191
357
396

40
342
135
349

41
127
150

42
246

43
203

44
261

45
132

46
172

47

48
392

49
101

50
186
323

51
251

52
194
99

53
212
264

54
199

55
349

56
197
267

57
387

58
181
194

59
14
352

60
158
269

61
229
393

62
344
196

63
210
282

64
119
239

65
146
178

66

67
126
200

68
279

69
202
351

70
41
386

71
133

72
123
335

73
36

74
270
322

75
169
122

76
107
241
366
395

77
371
136
12

78
190
324

79
299

80
111

81
195

82
316

83
263
391

84
348
296

85
206
255

86
144

87
266
152

88
205

89
259

90
188
346

91
400

92
142
360

93
38
160

94

95
398

96
350
105

97
267

98
147
370

99
368

100
268
157

101
148
328
19

102
314
343
247

103
32

104
288

105
176

106
297

107
162
76
395
262

108
227
394

109
365
3

110
340
242

111
331
177

112
221
46

113
280
70

114
170
362

115
264
234

116
326
258

117
98

118
289
378

119
315

120
230

121
155
257

122
363
213

123
355
184

124
333

125
270
217

126
121
137

127
302
90

128
53
6

129
262
325

130
68
284

131
214
290

132
306
106

133
290

134
327
13

135
395
366
342
40
233
187

136
12

137
356

138
281

139
283

140
157
248

141
398

142
274

143
374
209

144
338
175

145
294

146
178

147
370

148
218

149
26

150
249
12

151
308
51

152
330

153
286

154
85
255

155
257

156
351
380

157
268
32
114
362

158
82
316

159
33
292

160
227
394

161
277

162
94
201
107
342

163
64

164
367
172

165
231

166
210
282

167
398

168
229
393

169
110
242

170

171
237
95
141

172
253
78

173
369
28

174
52
194

175
338

176
232
317

177
358
56

178
300
193

179
45
108

180
193

181
158
287

183
201
107
342

184
243

185
356

186
31
272

187
245
135
233

188
179
10
236

189
101

190

191
231

192
118

193
319
87

194
339
99

195
212
244

196
219

197
397
97

198
30
329

199
70
278

200
309
8

201
241
162
342
366

202
254
351

203
161
277

204
399

205
293
224

206
20
365

207
338
175

208
388
50

209
9

210
48
295

211
259

212
115
29

213
398

214
58

215
383

216
307
74

217
198
341

218
153
72

219
74

220
21
129

221
172

222
274

223
154

224
156
267

225
301
23

226
390
157

227
394

228
383
92
285

229
375
34

230
306
106

231
168
61

232
317

233
187
135
349

234
159
320

235
381

236
230
108

237
398

238
75

239
119

240
66
90

241
201
76

242
225

243
12
77

244
6
128

245
262
395
187

246
39

247
164

248
11
226

249
12

250
101

251
337
193

252
151

253
59
216

254
351

255
206

256
177
111

257
376
290

258
326

259
103

260
54
353

261
385
73

262
107
245

263
189
280

264
50

265
97

266
330

267
4
120

268
32
114
362

269
347
158

270
185
176

271
20
109

272
166
63

273
91

274
364
246

275
317

276
25

277
15
207

278
333
124

279
238
334

280
7
150

281
131

282
3

283
173
80

284
112
68

285
246
379

286
43
382

287
102
158

288
119

289
318
49

290
52
99

291
192

292
282
210

293
156

294
210
282

295
392

296
121

297
3
361

298
96
47

299
310

300
51
251

301
171

302
312
207

303
26
149

304
220

305
227
394

306
297

307
217
125

308
263
5

309
25

310
387

311
231

312
144
86

313
38
50

314
158

315
174
389

316
367
137
172

317
126
67
200

318
113
24

319
87

320
33
292

321
286

322
96
298

323
272
31

324
62
137

325
383
92
285

326
36

327

328
218

329
30
176

330
281

331
88
205

332
231

333
17
41

334
75

335
243

336
246

337
27
180

338
22
384
223

339
76
245
135

340
225

341
176

342
366
201
162
40
135

343
158

344
219

345
290

346
197

347
164

348
121

349
377
233
40
55

350
176

351
271

352
137
121

353
199
54

354
32
226

355
243

356
65
117

357
332

358
197
267

359
204

360
246
142

361
195

362
259

363
2
167

364
42
336

365
130
112

366
76
201
342
135

367
16
216

368
44
261

369
28

370
204
359

371
21

372
133

373
220

374
9

375
235
381

376
163
345

377

378
250
151

379
246

380
69
202
351

381

382
203

383
274
222

384
154

385
36

386
252
93

387
231

388
50

389
194

390
89
211

391
321

392
169
122

393
375
34

394
139
215

395
107
76
135
245

396
231

397
35
265

398
16
216

399
100
140

400
# Victory