1
327
107

2
388

3
277

4
134
249
72
136

5
58
208

6
188
329

7
137
386

8
217
42
174

9
19
162

10
142

11
32
21
391

12
312

13

14
135
218
343

15
180
9

16
51

17
381

18
245
288

19
153

20
388

21
206
221

22

23

24
143
362

25
105

26
374
323

27
191

28
235
48

29
184

30

31
277

32
21
391

33
142

34
302
183

35
2
20

36
300
177

37
245
288

38
338

39
173

40
130

41

42
265

43

44
339

45
148

46
331
222
96

47
379
68
300

48
293

49
24

50
359
70

51
166
353

52

53
29
397

54

55
130

56
188
6
329

57
153

58
306
105

59
287
52

60
13
361
97

61
214
345

62
40

63
265

64
348

65
248

66
358
344
380

67
244
353

68
300
199
316
47

69
59
374

70

71
204
328

72
94
115
314
145

73
186
141

74
302
183

75
105

76
112
215

77
398

78
257
240

79
245

80
263

81
142

82
224

83
339

84
209
106

85
31
232

86
362

87
196

88
189
347
283

89

90
312

91

92
261
17

93
213
239
315
272

94
373
251

95
324
155

96
98

97
321

98
336
266

99

100
395
335

101
254
272

102
187

103
303

104
268

105
312
394

106
290
138
290

107
219
126

108
280

109

110
230

111
398

112
275
43

113
165
282
44

114
170
367

115
202
234

116
26

117
129

118
81
10

119
369
344

120
199

121
58
208

122
311
357

123
230

124
363
152
47
379

125
130

126
51

127
228
366

128
203
157

129
318
102

130
141
73

131
395
335

132

133
149
332
80

134
337
200
103

135
199

136
8
63

137
98

138

139
12
192

140
175
100

141
158
73

142
4
249
72
136

143
156
86

144
24

145
15

146
344
66

147
240

148
368
61

149
133
332
50

150
271
281

151
245
288

152
68
316

153
382
335
131

154
41
392

155
240

156
193
129

157
170
334

158
168
220

159
338

160
317

161
190
310

162
153

163
400
384

164
191
305
27
191

165
339

166
378
289

167
389
333
26
330
201
158

168
323
385

169
199

170
253

171
78
257

172
276
296

173
243
372
304

174
63

175
57
264

176

177
316
36
247

178
187

179
253

180
35
399

181
85
45

182
357
122

183
172
194
231

184
288
151
245

185
270
342

186
197
246

187
389
185

188
329

189
283

190
118
81

191
252
69

192

193
117
211

194
340

195
154
292

196
173
349

197
176
227

198
387
104

199
392
308
68

200
249
72
136

201
116
385
223
396
179
187

202
15
314
145

203
128
157

204
328
182

205
51

206
339

207
108
263

208
371
58

209
203
128
157

210
398

211
129

212
110
325
123

213
30
272

214
241
383

215
153

216
344
66

217
42

218
199

219
51
327

220
346

221
339

222

223
24

224
344
380
66

225
21

226
23
398
238

227
207
101

228
24

229
274
95

230
351

231
313

232
3
277

233
356
191

234
314
145
15

235
293

236
381

237
64
386
297

238
398
23

239
30
272

240
189
347
88
283

241
161

242
209
326
260

243
293

244
353
262

245
46
331
222
96

246
349

247
300
316

248
54
285

249
58

250
294

251
15
115
314
145

252

253
307
82
224

254
309

255
137
7

256
109
169

257
78
240

258

259
395
335

260
320
106

261
317

262
148
390

263
280

264
153

265
389
295
71

266
195

267
255
386
237

268
375
65
49

269
253

270
78
257

271
371
58

272
364
207

273
89
163

274
250
354
240

275
153

276
31

277
148

278

279
242
79
18
37
56
327

280
364
101

281
121
5

282
44
83

283
119
302
183

284
398

285
24

286
359
50

287
223
229

288
267
18
37

289
356
378

290
203
128
157

291
130

292
392
308
68

293
11

294
240

295
333
91
127

296
231

297
348

298
310

299
62
291

300
247
47

301
76

302
369
313

303
249
72
136

304
372

305
27
164
191

306
25
75

307
224

308
199

309
377
93

310
142

311
357
22

312
159
38

313
242
320
106

314
15
115
145

315
30
272

316
177
152
68

317
236
381

318
102

319
298

320
84

321
335
225

322
171

323
352
191

324
240

325

326
320
106

327
205
16

328
182

329
226

330
113
140

331
98

332
263

333
71

334
114
179
269

335
196

336
195

337
303

338
286
258

339
125
55

340
276
296

341
148

342
376
322

343

344
99
380
66

345
319
298

346
149
133
332
80

347
74
34

348
98
245

349
173
28
39

350
76

351
140
330

352
233

353
85
181
45

354
147
250

355
398

356
305
27
164

357
153

358
53
29
397

359
212

360

361
13
321

362
178
132

363
56
68

364
323
116

365
50
15
196
39
11
167

366

367
179

368
33
142

369
290
138

370
299
360

371
58

372
293

373
393
251

374
223
229

375
49
65

376
171

377
213
239
315
272

378
244
27
353

379
47
124
152

380
146
216
344
66

381
291
62
370

382
60
259

383
161

384

385
101
207

386
365
166
341
58
312

387
144

388
301
350

389
17
92
160

390
341

391
198
24

392
14
120
199

393
15
115
314
145

394
90
139

395

396
193
211
279
342
229
302

397
245

398
278
400
111
284
77
355
210
273

399
9

400
