1
375
62

2
96
208

3
68

4
42
155
321
109
146
356
398

5
262
104

6
341

7
193

8
394

9
314
208

10
359
112

11
177

12
271

13
329

14
184
242

15
183

16
179

17
144
249

18
30
4

19
283
223

20
4

21
311
27

22
191

23
218
57

24
290

25
221
254

26
337
101
351

27
220
175

28
399

29
296
382

30
324
383
4

31
388

32
372
156

33
384
229

34
229

35
124

36
162

37
199

38
303

39
135

40
226
366

41
291
362

42
224
106

43
100
325

44
282
232

45

46
211

47
98
196

48
233
152

49
389

50
267

51
36
132

52
177
11

53
44
9
2

54
166
272
186
114

55
281
365

56
4

57
229

58
133
322

59
358

60
48
152

61
273
293

62
375

63
32

64
259
47
360
311

65
312
190

66
384
388

67
303

68
289
349

69
275

70
93
385

71
4
97

72
371
176
350
142

73
31
66

74
165
369

75
135

76
20
4

77
244
138

78
190

79
102

80
348

81
201

82
339
352
117

83
281
365

84
324
4

85
71
198

86
279
229

87
212
113
64
311

88
302

89
287

90

91
384
229

92
20
4

93
278

94
15
171

95
289

96
9
168
229

97
236

98
148

99
390

100
325

101

102
251

103
280

104
80
70

105
187
241

106
85
4

107

108
183

109
333

110
68

111
240
26
229

112
4

113
38
64
311

114
327
152

115
99
200

116
17
53

117
82
332
248

118
210
43

119
229

120
267

121
384
229

122
192
79

123
179
16

124
361
213

125
163

126
116

127
286
159

128
27

129

130
215

131
263
28

132
162

133
322
256

134
229

135
214
170

136
190

137
88
145

138
178

139
304
202

140
228

141
394

142
297
205

143
246
374
118

144
249

145

146
391
336

147
216

148
14
317

149
216

150
243
379
384
229

151
254

152

153
22
299

154
12
134

155
30
284
4

156
4

157
92
76

158
329

159
345

160
181

161

162
254

163
316

164
368
318

165
288
369

166
301
60

167
63

168
9
229

169
374
246

170
194

171
46

172
237
45

173
129
117
82

174
245

175
229

176
371

177
156

178
229

179
27

180
4

181
323
34

182
378
4

183
250
152

184
229

185
300
279
23

186
54
272
166
114

187
289

188
397
265
61

189
81

190
158
13

191
266
393

192

193
53

194
342

195
384
229

196
344
295
317
360
311

197
370
108

198
71
363

199
29

200
390

201
364

202
106
4

203
229

204
289

205
371

206
228

207
275

208
49
229

209
298
274
326
289

210
83

211
197
183

212
64
311

213
6

214
194
238

215
164
77

216
400

217
89
377

218
328
387

219
312
190

220
229

221
151
51

222
275

223
94
46

224
268
380

225
252

226
73

227
55

228
298

229
384
185
53
126
5
26
243

230
180
343
4

231
39
75

232
2
384
229

233
276

234
118

235
292

236
359
110

237
153

238
27

239
188

240
116
384
229

241
163

242
27

243
40
73

244
178

245
6

246
67
392

247
382

248
127
159

249
181
160

250
292

251
364

252
229

253
167

254
307
59

255
289

256

257
54
186
114

258
353

259
344
360
311

260
79

261
312
190

262
305
310

263
399

264
182

265
397
61
27

266
346
107

267
149
50
90
147
120
216

268
304

269
335
72

270
354
115

271
27

272
257
269

273
293
231

274
105
294

275
207
69
340
222
384
229

276
114
54
186

277
290

278
229

279
41
384
229

280
206
140

281
27

282
2
384
229

283
183
223

284
18
4

285
199

286
352
82

287
229

288
8

289
306

290
173

291
353

292
270

293
355

294
163

295
360
311

296
309

297
166
54
186
114

298

299
357
130

300
203
310

301
54
186
114

302
137
230

303
229

304
106
4

305
229

306
349
3

307
358

308
248

309
382
247

310

311
188
239
27

312
376
190

313
4

314
229

315
253
167

316
204
95

317
128
169
143

318
285
37

319
131

320
367

321
302
343
4

322
315
167

323
7
193
373

324
313

325
227
21

326
255
125

327
395
319

328
86
384
229

329
122
35

330
146
4

331
25

332
352
308

333
396
58

334
172

335
371

336

337
74
394

338
109
4

339
352
117

340
275

341
260

342
217
123

343
302
43

344
148

345
352
82

346
77

347
190

348
229

349
267

350
371
114
54

351
229

352
103
161

353
111
240
229

354
390

355
27

356
157
4

357
130

358
81
189

359
4

360
259
47
311

361
174
6

362
258
154

363
4
97

364
54
166
272
186

365

366
73

367
19

368
199

369
141
288

370
183

371
114

372
52
32

373
34
384
229

374
234

375
334
172

376
347
136

377
278

378
277
24

379
121
384
229

380
139
106
4

381
113
212
87
64
311

382
163
209

383
324
84

384
33
150
91
195
275

385
119
225

386
4

387
86
229

388
331
367
320

389
229

390
54
219
261
78

391
264

392
234

393
77

394
381
64
311

395
386
152

396
4

397
265
61
27

398
4

399
4

400