1
65
142
360

2
47
29

3
61
137

4
239

5

6

7
219
157

8
354
280

9

10
175
97

11
169

12
256
182
258

13

14
363
110

15
165

16
326
221

17
329
29

18
390

19
158
361

20
174
339

21
387

22
377
19

23
161

24
272

25
264

26
202

27

28

29

30
107

31

32
372
262

33
391
214

34
292
247

35
382
361

36

37
67
19

38

39
283
132
379

40

41
238

42
285
146
213

43
255
342

44
286

45
232
215
117

46

47
138
16

48
185

49
112
197

50
200
121

51
165

52
186
302

53
202

54
383
106

55
147
347
265

56
263

57

58

59
399

60
19

61
346
250

62
239

63
238

64
219

65
217
315

66
289
157

67
305
209

68
335

69
154
369

70
310

71

72

73

74
312

75
202

76
324
148

77
233
129

78
384
189

79
263

80
29
126

81
299
252

82

83
219

84
398
173

85
218

86
43

87
50

88

89
290
210

90
148

91

92
183
259

93
175

94
28
304

95
243
319

96

97
212
175

98

99
312

100

101
35
361

102
219
264

103
60

104
266
316

105
245

106
191
279
216
349
261

107
303
204

108
366

109
267

110
387

111
323

112
286

113
207
334

114
393

115
312

116
1

117
19

118
16

119
279
349
191
261

120

121
223

122
83
396
246
7

123
173

124
33

125
245

126
377
119

127
292
247

128
358
227
322

129
195

130
42

131
306
231
374

132
351
10
379

133
344

134
234
365

135
252

136

137
94
335

138
16

139
19

140

141
330
79
263

142
217
315

143
216
244

144
336

145

146

147
113

148
216

149
202

150
19

151
229
188

152
343
45

153
399
59

154
336

155
3

156
265
55

157

158
281
341
101

159
332
64
102

160
394
285

161
378
307

162
320
268
54

163
132
379

164
44
205

165
211
241

166
352

167
187
263

168
19

169
364
92

170
295
87

171
131
300

172
220

173
19

174

175
236
340

176
284
22

177
10
379

178
52

179
25
145

180
331
269

181
257

182
263

183
77
327

184
30

185
176
396

186
75
270
333
26
313

187
343
263

188
359
29

189
220

190
385
29

191
370
226
106

192
298
8

193
124
66
96
235

194
24
10

195

196

197
2
70

198
29

199

200
357

201
161

202
2
70

203

204
242

205
49
375

206
114
393

207
334

208
3

209
19

210
41
118

211
271

212
136
397
228

213
160

214

215
134
69

216
355
137

217
156

218
361

219

220
392
127

221
240
29

222
17
198

223
30
184

224
169

225
336

226
106

227
35

228
93

229
359
253

230

231
337
181

232
166
14
317

233
368
31
98
380
195

234
154
369

235

236
78

237

238

239
352

240
148
76

241
293
271

242
39
163
132

243
161

244
185

245
325
37

246

247
45

248

249

250

251
202

252
2

253
301
344

254
321
390

255
106

256
42

257
366

258
150
56
190

259
36
327

260
10
379

261
86

274

262
338
120
74
91

263
49
164
375

164
88
15
51

265
113

266
38
171

267
345
168
144
388

268
106

269
4
62

270
202

271
318
151

272
309
10
379

273
294

274
43

275
89

276
203
46
353
122

277

278
2

279
54
162
291

280
27
376
125
105

281
128

282
389

283

284
377
119

285
32
372

286
178
348

287
350
20

288
27
371

289
33

290
16
63

291
106

292
152
328

293
389

294
153
131

295
50

296
362
222

297
386
73

298
381
139

299
135
9

300

301
133

302
149

303
242

304

305
215

306
108
231

307
230
89

308

309
260
177

310
81
278

311

312
82
192

313

314
233
129

315
249
367

316
38
171

317
21
180

318
389
151

319
201
23

320

321
50

322

323
233
129

324
273
199

325
343
37

326
240
29

327
314
111

328
45

329
176

330
263

331
239

332
179
219

333
251
53

334
254
18

335

33695
12

337
257

338
115
99

339

340
78

341
128

342
106

343
277
6

344
373
282
400

345
19

346
297
100

347
113

348
52

349
191
279
216
261

350
29

351
194
24

352
256
130

353

354
67

355
155
208

356
19

357
30

358
85

359
389

360
217
142

361
263

362
80
287

363
387

364

365
267

366
13
66
96
193
124
235

367
156

368

369
109
84

370
68
106

371
97

372
298
8

373
389

374
231

375
197

376
245

377

378
196
275

379
97
288
10

380
57
276
140
308

381
167
58

382
218

383
216

384
103
172

385

386
221
11

387
239
180

388
123
168
225

389
40
71
116

390
170

391
206

392
34

393
48
143

394

395

396
219
264

397
175

398

399
104
5
248

400
389