1
41
21

2
126
228

3
61

4
250

5
64
135
34

6
62

7
119
314

8
303

9
24
122

10
342
217

11
383
51
131
171

12
361

13
102
263

14
294

15

16
116
162
323
287

17
103
74
138
94

18

19
55
95

20
60
170

21
181
61
101

22

23
108
129

24
42
379

25
225
173
20

116

26

186

27
202

28
400

29
44
204

30
242
337

31
77
233
172
376
100

32
3

33
350

34
360
390

35
154
308
275

36
351

37
67
97

38
118
255

39
303

40
47
70

41
121
81

42
226
284
178

43
280
300
165

44
184

45
174
53

46
142
85
223

47
214
244

48
208
28

49
68

50
182
115

51
91
211

52
392
192

53
90
59

54
345
240

55
75
136

56

57
89
109
179

58
305

59

60
150
120

61
201
141

62
251
71
171
131
31

63
116
162
32

64
34
135
273

65
22
35

66
302

67
51
171
311

68
42
379

69
279
302

70

71
251
291
171
131
311

72
132

73
153
143

74
8
39

75
216

76
315

77
172
376
100

78
51
131
311

79
348
398

80
25
16

81
21

82
357
393

83
245
302
313

84
163
343

85
30
193
329

86
71
291
171
131
311

87
225
200
116

88
400

89
30
329

90
186

91
391

92
352

93
46
325

94
325
46

95
196

96
382

97
137
277

98
385

99
194

100
330

101
181
61

102
27

103
238
207

104
163
343

105
333
165

106
302

107
46
325

108
269
249
149
209

109
30
329

110
304
155

111
6

112
132
72

113
60
170

114
90
59

115
267

116
85
370

117
85
223

118
215
158

119
14
187

120
363
386

121
21

122
49
210

123
253
31

124
358
377

125
99
254

126
228

127
43
268
218

128
23
313

129
269
249
149
209

130
307
225
200
116

131
91
37

132
3

133
29
377

134
19
165

135
183
213

136

137
387
248

138
189
166

139
110
346
270
155

140
164
288

141
17
94

142
237

143
116

144
9
42
379

145
234
4
338
250

146
163
396

147
365
247

148
379

149
386

150
363
386

151
231

152
192

153
165

154

155

156
34
64
273

157
109

158
58

159
239

160
50
115

161
141

162
116

163
239

164
324

165
38

166
303

167
227
347

168
105
73

169
40
18

170
220

171
91
38

172
376
100

173
130
87

174
119
314

175
106
195

176
318
199
140

177
366

178
148
364

179
109
157
283
375

180
258
155

181
221
281

182
267

183
156
34
64
273

184
124
377

185
60
170

186
65
13

187
294

188
286
230
128

189
303

190
386

191
36
86

192
152
92

193
57
82

194
26
354

195
302

196
216

197
51
171
311

198
309
399

199
147
397

200
143
323
287

201
261
161

202
46

203
313
362

204
385

205
116
335

206
6

207
303

208
400

209
113
20
60

210
68

211
71
251
291

212
312
292

213
183
273

214
198

215
58

216
276
316

217
329

218
320
300

219
262
282

220

221
3

222
133

223
369
335
116

224
119
314

225
116

226
219
379

227
297

228
385
388

229
46
325

230
176
199
140

231
71
291
171
131
311

232
3

233
172
376
100

234
250
88

235
339
298

236
216

237
117
322

238
303

239
222
133

240
125

241
141

242
310
373

243
333
165

244
198

245
66
275

246
144

247
140

248
297

249
185
374
149

250
145

251
331
191

252
32
3

253
69
98
69
338
84
338

254
194

255
51
131

256
216

257
326
296

258
366

259

260
116

261
341
301

262
379

263
27

264
278
336

265
10
160

266
123

267
33
350

268
340
380
165

269
289
359
149

270
366

271
71
291
171
131
311

272
252

273
235
298

274
7
394

275

276
236
256

277
167
328

278
146

279
302

280
165

281
321

282

283
30
329

284
219
379

285
177
139
317

286

287
299

288
349
306

289
60
170

290
163
343
293

291
206
111

292
132
72

293
355
104
159

294
54

295

296
386

297
197

298
327
367

299
63
259

300
134
165

301
381

302
124

303
334
282

304
319
344

305
356
87

306
324

307
116

308

309
257

310
50
115

311
391
383

312
372
72

313
230

314
90
59

315
396
378

316
165

317
155
180

318
199
140

319
246

320
165

321
361
12

322
85
223

323
260
295

324
266
31

325
168
16

326
386

327
169

328
297

329
2

330
290

331
371
191
71
291
171
131
311

332
3
112

333
127
165

334
368

335
80
116

336
146

337
265

389

338
400

339

340
134
165

341
381

342
50
115

343
264
163

344
246

345
125

346
366

347

348
398

349
324

350
2

351
71
291
171
131
311

352
212

353
46

354
114
79

355
16
343

356
51
131
311

357
30

358
250

359
60
170

360
135
64
273

361
52
332

362
302
83

363
120

364

365
140

366
246

367
229
395

368
382
96

369
205
116
335

370
85
2

371
271
151

372
272
232

373
2

374
60
170

375
109

376
172
100

377
76
315

378
56
48

379
188
384

380
134
165

381
241

382
94

383
186
15
45
274
224

384
286
230
128

385
184
377

386
46
325
93

387
297

388
144

389
50
115

390
135
64
273

391
186

392
192

393

394
186

395
23
107

396
358

397
365
247

398
186

399

400
# Victory