1
86
30

2
24
131

3
132
310

4
40

5
36
108
260

6
219
137

7
272
60

8
335

9
104

10
193
147
216

11
398
382

12
393
334

13
54
175

14
63
160
290

15
278
68
374
56

16

17
197

18
225

19
390
5

20
199

21
80

22
33
118

23
226
53

24
102

25
397
12

26
272
60

27
101
150

28
8
394
259
183
245

29
62
385

30
82
66

31

32
278
297

33
143
270

34

35
288
377

36
142
69

37

38
74
123

39
51
255

40
145

41
189
364

42
350
119

43
151
140

44
160
247

45
17
315

46
360
375
199

47
178
399

48
395
80

49
83
305
251

50
71

51
17
255

52
301
20

53
186

54
115
30

55
300
31

56
374
68
89

57
199
164
118

58
349
44

59
255

60
301

61
49

62
271
294
282

63
357

64
354
248

65
198
269

66
188
321

67
77
9

68
374
89
56

69
182
324

70
356
230

71
106
114
122
144

72
346
324
2

73
8
394
259
183
245
171
249

74
272
60

75
334
386

76
223
335
44

77
116
1658
130
39

78
211
375
22

79
127
150

80
385
210

81
244
65

82
188
321

83
331
305

84
184
207

85
255
315

86
54
43

87
334
386

88
378
63
160

89
156
15

90
12
399

91

92
274

93
198
269

94
54
162

95
224
50

96
8
394
259
183
245

97
323
241

98
132
310
3

99
235
173
23

100
238
203

101
159

102
11
113

103
39

104
395
80

105
147
193
312
216

106
169
114
122
144

107
347
31

108
168
117

109
185

110
78
199

111
8
394
259
183
245

112
16
80

113
194
349

114
106
187
232
144

115
222
140

116
148
1036

117

118
289
219
137

119
377
282

120
267
47

121
19

122
169
114
232
253

123
26
208

124
296
217
139
80

125
87

126
301

127
295
374
89
56
68

128
58
349
44

129
31

130
148
103

131

132
267
47

133

134
277
166

135
19
121
19

136
256
363

137
205
149

138
77

139
308
217
296
80

140
30

141
281
212

142
61
359

143
199

144
106
187
122
253

145
190
28

146
198
269

147
193
312
216

148
9
91

149
181
301

150
374
89
56
68

151
94
30

152
329

153
25
142

154
250
365

155
139
80
217

156
68
374
56

157
371
255

158
362
174

159
334
48
8
394
259
183
245

160
96
135

161
305
83
221

162
13
30

163
176
35

164
254
264

165
148
103

166
328
292

167
320

168
367
142
69

169
106
266
122
144

170
180

171
400
303

172
361

173
87

174
252
84
31

175
30

176
383
282

177
220
128
373
92

178
64
342

179
268
255

180
18
365

181
370

182
367
142

183
355

184
319
55

185
329
152

186
242
318
125

187
106
114
232
253

188
321
82
66

189
348
364

190
306
346
28

191
124
336

192
366
79

193
314
147
216

194
92
373
177

195
120

196
52
20

197
391
209
27

198
256
363
136

199
38
208

200
135
160

201
83
305
221

202
283
297

203
344
225

204
255

205
370

206
240
369
35

207
300
184

208

209
391
27

210
29
385

211
375
22

212
311
141

213
25
142
285

214
77
67

215
229

216
164
196

217
368
80
139
296

218
350
119

219
389
137

220
349
44

221
305
25

222
30

223

224
313
50

225
389
57
199

226
75
141

227
3
287
265

228
255

229

230
317
170
356

231
158
129

232
169
187
122
144

233
145

234
367
142

235
186

236
118

237
322
21
34

238
145

239
104

240
95
50

241
298
142
25

242
87

243
360
262
199

244
350
119

245
335

246
261
309

247
88
378

248
111
37

249
303

250
180
365

251
201
331
161

252
84
107

253
266
291
232
144

254
380
332

255
333
179
387
302
45

256
218
42

257

258
296
139
80

259
335

260
367
142

261
32
278

262
375
46

263
73

264
301
118

265
132
287
3

266

267
90
399

268
239
255

269
198
146

270
396
236

271
282
294
385

272
40
4

273
355
202

274
58
349
44

275
379
153
142
25

276
322
21
34

277
382
292

278
316

279
102

280
255

281
235
99

282
388
229
215

283
343

284
376

285
379
153
275
142
25

286
243
360
262

287
98
326

288
93
81

289
341
6

290
63
135
160

291
169
114
304
266

292
392
100

293
59
325

294
329
385

295
167
337
307

296
139
80
217

297

298
213

299
233
199
338

300
267
227

301
145
208

302
228
315

303

304
172
187
266
144

305

306
279
346

307
320

308
237
276

309
261
327

310
195
120
132

311
141
340
75
8
394
259
183
245

312
10
257

313

314
44

315
104
91

316
282

317
82
66
272
60

318
87

319
300

320
283
273

321
199
299
338

322
217
296
80

323
298
142
25

324
102

325
255

326
132
310
3

327
32
278

328
22

329
282

330
314
76

331
25

332
301
118

333
293
345

334
206
35
163

335

336

337
320

338
351
384
134

339
97
298
142

340
372
23

341

342
354
248

343
246
327

344
199

345
59
325

346

347
84

348
263
133

349
330
314

350
37
282

351
286
360

352
155
139
80
217

353
25
142

354
111
37

355
32
278

356
32
278

356
180
154

357
135
160

358
138
214
9

359
49

360
216

361
374
68
89
56

362
84
252

363

364
73

365

366
16
127
150

367
25
339
142

368
112
258

369

370
272
60

371
280
85

372
186

373
349
44
92

374
295
297

375
70
230
356

376
231

377

378
290
14

379
353

380

381
296
217
139
80

382
398

383
106
114
122
144

384
110
78
199

385
109
185

386
240
369
334

387
204
371
157
255

388
229

389
164
118

390
5

391
209
27

392
199
100

393
141
212

394
335

395
381
191

396
82
66
272
60

397
90

398
284
231

399
358
9

400
#Victory