1
111
41
366
268

2
30
218
342

3
64
148
88
309

4
160
292

5
23

6
24
43

7
369
280

8
199

9
272

10
333

11
83
101
23

12
99
185

13
233
154

14
300
238

15
211
109

16
40
132

17
64
148
189

18
365
118
279

19
38

20
382

21
3

22
57

23
84
5
287
381
320
278
2
163
371

24
136
173
94

25
376

26
194

27
152
177

28
325
339
139
85
372

29
134

30
352
218
342
23

31
109
322

32
23

33
195
23

34
76
329

35
70

36
360

37
237
379

38
91
62

39
286

40
226
174
373

41
366
111

42
148

43
3

44
261
315
395

45
380
120

46
64
148
189

47
256
316
196

48
184
121

49
142
30
218
23

50
393

244
96

51
266

52
82
23

53
106
165
297

54
200
23
242

55

56
111
83
101
23

57
351
200
23

58
260
333
23

59
202
248

60
155
132

61
378

62

63
23

64
3

65
339
139
28
85
372

66
262

67
213
23

68
246

69
355

70
30
342
23

71
18
379

72
150
274
167
252

73
282

74
46
370

75
271

76
291

77
52

78
182
95

79
149

80
252
167
274

81
324
183

82
32
23

83
11
101
23

84
47
196
63

85
339
139
28
372

86
282

87
319
191
103

88
67
213

89
48
386

90
66
235

91
134
29

92
397
167
252

93
324
183
26

94
3

95

96
289

97
52
77

98
309
187
23

99
334
185

100
119
327
251
207
343

101
201
228
337
112
137

102
295

103
319
191

104
324
183
26

105
306

106
53

107
388
126

108
79

109
252
274
364
72

110
164
23

111
224

112
137

113
34
311

114
68
335

115
198
239
305
253
359

116
324
183
26
303

117
235

118
219
279
37

119
309

120
110
164
23

121
114

122
331

123
263
23

124
102
295

125
314
289

126

127
23
97

128
257

129
61

130
147

131
347

132
345
203

133
220
267

134
230
363

135
108
390

136
94

137
11
83
23

138
4

139
283
178

140
33
288

141
275

142
192
23

143
107
25

144
23

145

257

146
7

147
269

148
281
161

149
208
350
8

150
14

151

152
240

153
266

154
289

155
113

156
234

157
333
23

158
302
223

159
355

160
292

161
385
3

162
286

163
98
187

164
209

165
53

166
64
148
189
17
341

167
211
109

168
358
89

169
159
355

170
200
23
242

171
107

172
190
248

173
94

174
155
132
226

175
309

176
360

177
240

178
339
82
85
372

179
3
21

180
23

181
400

182
266

183
39
313

184
321

185
334

186
272

187
131
347

188
86

189
88

190
248

191
12
210

192
30
218
23

193
346
293
247

194
324

195
23

196
229

197
217
343

198
359

199
168

200
351
23
242

201
101
137

202
9
186

203

204
181
151

205
297

206
13

207
257

208
149

209
323
231
69

210
319
12

211
252
274
72
364

212
53
250

213
3
179

214
23

215
182

216
340
289

217
3

218
389
245

219
55
279
37

220
168

221
88

222
263
23

223
236
130

224
382
20

225
205

226
60

227
367
241
353

228
137

229
277
23

230
330
259

231
255

232
37
118

233
354

234
272

235
308

236
147

237
71
379

238
14
300

239
359

240
361
105

241
87
296
367
353

242
57
394
22
249

243
141
275

244
289

245
35

246
40
16

247
19
38

248
235
90
117

249
57

250
276
122
362

251
264
128

252
381
23

253
359

254
135

255
298
355

256
338
47

257
285

258
154
206
13

258
154
206
13

259
330

260
333
23

261
370

262
369
7
280

263
2
278
357

264
285

265
138
4

266
171
376
143

267
133
8

268
86
188

269
141
275

270
221
88

271
325

272
384
356
310

273
27

274
381
23

275
312
193

276
122

277
144
214

278
124

279
183
116

280
235

281
385
3

282
299
216

283
325
339
28
85
272

284
49
218
30
23

285
309
42
309

286
375

287
23
317
127

288
383
56

289
378

290
51
391

291
27

292
23

293
19
38

294
273

295
336
326
156

296
87

297
344
398

298
169
159
355

299
216
125

300
252
167
274

301
360

302
236
130

303
349
116

304
284

305
197

306
138
265

307
78
182

308
212
387

309
290
328
215

310
164
45
392

311
291

312
275

313
286

314
258
13

315
370
395

316
47
196
23

317
23
127

318
122

319
12

320
23
333
368

321
294

322
172
235

323
255

324
183
37
118

325
158

326
59

327
145
175

328
51
391

329
291

330
204

331
53

332
115

333
351
200
242

334
65
399

335

336
23

337
263

338
47
196
23

339
271
75

340
244
96
50

341
64
148
189

342
304
284

343
309

344
379

345
113

346
293
247

347
23

348
9
186

349
93
104
324
183
26

350

351
208
133
8

351
170

352
218
342
23

353
296
367
241

354
129
61

355
45
23

356
384
310

357
23

358
184
121

359
197

360
36
377
301
176
209

361
396

362
318
225

363
330
259

364
92
397
167
274

365
135
254

366
41
224

367
296

368
10
58
157

369
280

370
74
17
341
166

371
123
222

372
271

373
226

374
351
23
242

375
232

376
107

377
360

378
31
235

379
118
37
279

380
120

381
364
15
23

382
282

383
56

384
310

385
332
115

386
114

387
308

388
227
296

389
35

390
79

391
153
307

392
164
45
23

393
244
96

394
22
249
57

395
370

396
306

397
364
15
23

398
344

399
65

400
# Victory