1
92
288

2
83
175

3
213
388

4
230
58
193
158

5
119
239

6
89

7
328
292
210
18

8

9
63
116
392

10
115

11

12
251

13
156

14
349
289

15
206

16
311
143

17
380
129

18
377
81

19
85
363
307

20
218
107

21
98

22
305

23
129

24
290

25
296

26
110

27
373
132

28

29
295

30
36
258

31
288

32
206

33
99
81

34
362

35
295

36
340
228
168

37
99

38
263

39
235

40
351
251

41
231
343

42
255

43
118
381

44
369
352

45
140
81

46
170
246

47
285
330

48
230
276
158

49
99
237

50
150

51
353
171

52
400

53
199
278
236

54
274

55
187
294

56
122
385

57
295
271

58
48
257
4

59
136
232

60
179
279
339

61
296

62
155
375
81

63
146
284

64
148

65

66
273
142

67
115

68
189
252
350

69

70
338

71

72

73

74
360

75
295

76
376
318

77
174
393

78

79
295

80
166

81
97
253

82
310
235

83
202
195

84
264

85
320
139

86
322
51

87
323
214

88
263

89
131

90
248
348

91
336
197

92
133
325

93
199
281

94
347
163

95
45
99
375

96

97
295
229
338
161

98
289

99
166

100
312
261

101
73

102
236

103
206

104
42

105
251

106

107
400

108
315

109
374
186
41

110
290

111
289

112
295
271

113
81
99
36
258

114
247

115
371
18

116
63
225

117
19

118
7

119
30
81

120
224
206

121
43
238

122
331

123
21
80
103

124
52
370

125
185
330

126
330
379

127

128
313
285

129
211
50

130
99
364

131
82
273

132
267
93

133
31
157

134
270
329

135
213
388

136
326
255

137
144

138
166

139
199
281

140
295

141
64
163

142
195

143
366

144
295

145
391
365

146
284
96
56

147
11

148
368

149
303
245

150
39
367

151
362

152
62
217
69
93

153
399

154
206

155

156
208
68
268

157
115
384
332

158
233
212
352

159
243

160

161
295
338
221

162
37
342

163
368

164
29
398

165
319
277
94

166
275
378

167
131

168
208
68
268

169
346
240

170
345

171
5
386

172
150

173
295
271

174

175
262
81

176
316
40

177
267

178
26
293

179
144

180
282

181
358

182

183

184
39
247

185

186
102
278

187
32
317
244
167

188
304
153

189
344
308
91

190
245

191
179

192
81

193
341
127
4

194
18

195
202
147
314

196

197
45
258
99

198
77
327

199

200

201

197

202
297
147

203
305

204
345

205
81
99

206

207
23
256

208
372
13

209
19

210
34
151

211
164
65

212
276

213
129

214
289

215
63

216
38
149

217
281

218
52
370
124

219

220
354
169

221
173
112
397
57
295
271

222
140
99
375

223
14
165
335

224
346

225
318
76

226
145

227
247
79

228
45
258

229
112
173
397
57
295

230
1

231
300

232
326

233
352
44
152
333

234
306
266

235
375

236
300
281

237

238
7
180

239
81

240
321
55

241
109
355

242
35
172

243
126

244
123

245

246
345

247
295

248
63

249
377
235

250
383

251
115

252
356
197

253
17

254
273

255
301
9

256
17

257

258
130
334
33

259
284

260
145
61

261
131

262
258
36
99

263
18

264
134
390

265

266
216
73

267
387
117
209

268
156

269
227
86

270
120
100

271
70

272
337

273
129
235

274
84
196

275
349
289

276
69
139

277
141
194

278
300

279

280
105
12

281
249
295

282
28
8

283

284
113
2

285
135
241

286
295

287

288
357

289
302
202
147

290
49
162

291
69
93

292
266

293
125
389

294
346
131

295
395
264

296
176

297

298
249
109

299
328

300
399
301

301
215
90
182

302
11
383

303
88
190

304
81
99

305
206
72

306
101
183

307
58
193
158

308
197

309
205
287
361

310
289

311
59
178

312
6
206

313
295

314

315
24
140

316
280

317
206

318
188

319
64
106
194

320
249
109

321
346
254

322
71
159

323

324

325
54
234

326
272
104
359

327

328
78
138

329
131
206

330
266

331
259
399

332
204
46

333
369
352

334
95
8

335
269
14
299
219

336
123

337
42

338
128
207

339
99
235

340
258
45

341
230
58
158

342

343
199
278

344
201

345
226

346
22
283
154
66
382
203

347
368

348
188

349
111
87
394
289

350
156

351
67
165
223

352
291

353
243

354
206

355
109
249
75

356
60
160

357
260

358
324

359

360
39
367
184

361
36
258

362
18
166
328

363
69
222

364
375
140

365
115

366
59
265

367
137
247

368
86
192

369
69
93

370
400

371
121
226

372
156

373
267
93

374
53
278

375
24
108

376
304

377
309
36
258

378
349
289

379
81
99

380
242
144

381
18

382
305

383
181
324

384
260

385

386
81

387
19

388
179
279
339

389
125
47
59

390
220
158

391
25
176

392
215
90

393
# Victory

394
323

395
142

396
89

397
3
241

398
74
114
191
286

399
27
177
298

400