1
12
33
80

2
205
44

3
291
339

4
293

5
155
236

6
170
140
391

7
275
287
117
58

8

9
398
46

10
341
130
200

11
85
200

12
149
80

13
387
70
361

14
37

15
138
182

16
350
165
308

17
45
368

18
220
275
287
117
58

19
164
215
280

20

21
397
48
158
286

22
322
66
254
81

23
44

24
352

25
125
251
277

26
110

27

28
364
38

29
349
298
59
153

30
147
169

31
200

32
225
133
271

33
189
55

34
185
250

35
234
118

36

37
26

38
98
202

39
389
201

40
306
366

41
236
5
195

42
63
333

43
248
200

44
357
393
207

45
347
255

46
87

47

48

49
24
136

50
78
295
200

51
84
383

52
86
253

53
200

54
369

55
319
12
80

56
141
17

57
399
343
8

58
318
348

59
103
153

60
143
20

61
11
390

62
248
200

63
142
276

64
391
140
6

65
272
101

66
222
81

67
188
300

68
115
137
41

69
90

70
330
361
387

71
260
383

72
374
28

73
131
362

74
178
231
95

75
86
253

76
19

77
172

78
198
295
200

79
315
200

80
377
252
149

81

82
387
361

83
208
249
12

84

85
364
38

86
345
173
253

87
167
379
268

88
19

89

90
325
153

91
43

92
200
392

93
39
389

94
3
383

95
178
231

96
230
35

97
393
57
207

98
123
338

99
# Victory

100
238
226

101

102
330
361
387

103
90
153

104
175

105
208
249
122

106
50
198
314

107
360
223

108
139
251
277

109
288
235
367
200

110
344
200

111
214
4
350
165

112
138
182

113
285

114
83
304
237

115
211
137
328

116
369

117
220
275
287
58

118
234
129

119
399

120
200
392

121
393
57
207

122

123
386
141
17

124
393
23
207

125
35
251
277

126
200
282

127
200

128
172

129
181

130
78
154

131
362
8

132
114
199

133
51
225

134

135
157
192
212

136
187
209

137
180
89

138
299

139
74
251
277

140
356
391
170

141
171
196

142
369

143
393
23
207

144
156

145
120
92

146
297
239

147

148
359
26

149
223
107
278

150
393
57
207

151

152
220
275
287
117
58

153
114

154
198
314

155
281

156
19

157
274
177

158
397
48
286

159
31
380
200

160
26
14
148

161
386
141
17

162
193
48

163
346
266
137
328

164

165
370
350

166
260
383

167
379
268

168
92

169
388
99

170
97

171
79
216

172
183
302

173
307
331

174
374
28

175
94
3
383

176
284
53
200

177
274

178
95
231

179
35

180
363
309

181
369

182

183
57
207

184
353
9

185

186
200

187
352
312

188
30

189
149
80

190
200

191
35

192
274
177

193
220
275
117
58

194
345
290
253

195
301
236

196
171

197
108
384

198
295
200

199
400

200
75
340
61
334
10
385
245

201
16

202
98
113

203
275
287
117
58

204
26
14
148

205
44

206
191
296

207
184
9

208
300
122

209

210
358
159

211
346
137
328

212
243

213
71
247
394
383

214
350
165

215
29

216
315
200

217
188
300

218
108
384

219
19

220
203
264

221
200

222
81
294
127

223
124

224
132
114
199

225
104

226
315
200

227
399

228
190
134

229
39
201

230
206
296

231
306
366
40

232
36
152

233
157
192
212

234
181

235
49
200

236
60
143

237
105

238
270
79

239
398
46

240
99
372

241
262
39
201

242
321
188
300

243
120
92

244
342
88

245
26
14
148
395

246
220
275
287
117

247
394
383

248
200

249
300

250
185
375
227
399

251
52

252
41
292
393
23
207

253
219
376

254
294
66

255
326
386
141

256
97

257
188
300

258
49
200

259
21
397
48
158

260
121
104
32

261
243

262
229
27

263
371
204

264
7

265
132
114
199

266
211
137
328

267

268
393
57

269
200

270
216

271
225
133
104
121

272
244
76

273
188
300

274
261
177

275
172

276
54

277
86
253

278
336
223
107

279
43

280
29

281
393
23
207

282
197
218

283
251
277

284
228
109

285
98
123

286
317
327

287
77
365
162

288
235
221

289
168
145

290

291
84
383

292
68
396

293
165
308

294

295
269

296
369
35

297
239
324

298
265
69

299
182
279

300
335
67
242
257
356
273
30

301
394
213
383

302
183

303
200

304
249
122

305
22
81

306
40
366

307
345
290
253

308
111
214
4

309
2
44

310
240
247

311
82

312

313
333
42

314
78
295
200

315
186
151
303

316
260
383

317
327

318
246
128

319
189
149

320
393
57
207

321
188
300

322
200

323
200

324
393
57

325
132
114
199

326
386
238

327
259
21
397
48
158

328
41
393
23
207

329
110

330
82
311
102

331
194
290

332
57
207

333
116
35
179

334
210
380

335
188
300

336
107
223

337
139
251
277

338

339
84
383

340
258
200

341
130
200

342

343
34
375
227
399

344
176
200

345
73

346
363
309

347
326
386

348
36
220
275
287
117

349
224
153

350
293

351
168
145

352

353
9
146

354
98
202

355
166
373

356
188
300

357
378
393
207

358
159

359
110

360
393
23
207

361
39
389
135

362
54

363
2
44

364
161
354

365
220
275
117
58

366
25
283

367
200

368
347
255

369
21
397
48
158
286

370
320
150

371
110

372

373

374
85
200

375
119
185

376
313
96
362

377
41
292
393
23
207

378
144

379
167
268

380
112
15
279

381
21
48
158
286

382
18

383
393
57
207

384
337
251
277

385
305
81
22

386
56
141
17

387
13
145
351
233

388
240
310

389
262
241

390
72
11
174

391
140
170

392
126

393
232
382
332

394
316
355

395
263
371
204

396
266
137
163

397
381
21
48
158
286

398
7

399
387
361
70

400
114