1
381
398

2
225
248

3369
135

4
51
323
101

5
108
323

6

7

8
332

9
192
394

10
69
212

11
29

12
349

13
177
342
370

14

15
394

16
293
175
104

17
89

18

19
156
219

20
293

21
104
293

22
44
92

23
319
379
253

24
124
395

25
373
310
373

26

27
91
199
343

28

29
391
135
228

30
262

31
103

32
105
130

33
80
259
315
117

34
332

35
266

36
74
323
240

37
99

38

39
274
97
181
368
385

40
291

41
213
386

42
190
166
102

43
232
357

44
92

45
82

46
308

47
182
145

48
236
205

49
320

50

51
285
224

52
278
397
267
64

53
351
255

54
354

55
267
355

56

57
85
342

58
31
250

59
108
240

60
46
283

61
165

62
123

63
128
164
109

64
332

65
176
311
11

66
221
141

67
52
147

68
305

69
249

70
349

71
256
374

72
326
5

73
399

74
158
284
211

75
364

76

77
146
358

78
304
166
110

79
239
121
312

80

81
152
175

82
286
293

83

84
165

85
174
210

86

87

291

88
297
207

89
339
296
388

90
67
147

91
24
288

92
235
275
377
393

93
50
318
119

94

95
197
258

96

97
274
39
181
368
385

98

99
126
185
260
327
352
166

100

101
326

102
335
287

103
203

104
251
286

105
96
263

106
272
204

107
357

108
252
133
323
240

109
233
191

110

111
150
22

112
193
358

113
399

114
83
134

115
267
125
88
207

116
256
374

117
315
350

118
212
25

119
70
6

121
173
246

122
251

123
237

124
358
112

125
267
138
207

126
151
227
392

127
242
313

128
109

129
29
238
337

130
57
269
325

131
111

132
90
294

133

134
15

135
281
26
160
389

136
75
2
321
349

137
168
19
188

138
297
207

139
354

140
34
95

141
245
365

142
50
16
293

143
390

144
268
65

145
323
59

146
24
288

147
397

148
84
165

149
18
189

150

151
99

152
104

153

154
41
313

155
271
360
249
271

156

157

158
322

159
204
106

160
369
228

161
366
270

162
280
237

163
150

164
261
109
128

165
16
293

166
279
375
99
42
78
110

167
390

168
30
241

169
237
362

170
44
92

171
20
9

172
4

173

174
332

175
93
251

176
98
11

177
13
324

178
371
132
201

179

180
236
348

181
274
39
97
368
385

182
33
298

183
150

184
345
81

185
99

186
291

187
16
293

188
19
49

189

190
42

191

192
114
179

193
48
3

194
220
266

195
81

196
212
381

197
332

198
66
89

199
91
343

200
166
110

201
90
294

202
298

203

204

205
56
359
180

206
50
122
142

207
267

208
223
264

209

210
332

211
322

212
381
398
10
118

213
68
305

214
316

215

216
382
29
129
238
337

217

218
262

219
320

220
341
290

221
116
388

222
79
161
383

223
306
331

224
318
276

225
75
136
349

226
315
350

227
99

228
48
302

229

230
384
15

231
143
167

232
293

233
222
38

234
267

235
92

236
235

237
362

238
396
65
337

239

240
347
206

241
2
75
136

242
334
386

243

244
50
4

245
78
166
110

246
94
209

247
280

248
75
136
349

249
291

250
103

251

252
149
208
292

253
84
165

254
308
60
283

255

256
363

257
133

258

259
315
226

260

99

261
109

262
2
75
136

263
130

264
306
331

265
81

266
243
357
232

267
192

268

269
137
8
342

270

271
291

272
168
360

273
378
73
333

274
74
323
240

275
6
70

276
50
16
293

277
71

278

279
166

280
370
177

281
205
348

282
298

283
308

284
322

285

286
318

287

288
358
112

289
214
316

290
43
376

291
231
390

292
252
133
323
240

293
127
154
184

294
67

295
280

296
116
388

297
380
234

298
240
257
108

299
262

300

301
35
107
187

302
77
358

303
136
2
349

304
166
110

305
81

306
274

307

308
140
332

309

310
87
40

311
29

312

313
345
81

314
63
86

315
298
202
282

316
111
163

317
166

318
198
17
89

319
229
253

320

321
75
2
387
349

322
344
28

323
33
298
324
31
58
250

325
60
254
283

326
122
142

327
99

328

329
400

330
299
218

331
39
97
181
368
385

332
106
159
204

333
399

334
195
372

335
71

336
111
163

337
268
144

338
391

339

340
271
212

341
232
357

342
19
188

343

344
172
244

345
386
265

346
9
20

347

348
3
302

349
9
20

350

351

352
99

353
24
288

354
162
76

355
278
397
267
64

356
130

357
72
47

358
77
112
146

359

360
45
21
346

361
20

362
113
273

363
328
24
288

364
136
2
349

365
78
166
110

366
239
312
121

367
42

368
274
39
97
181
385

369
338
216
391

370
13
177
324

371
90
294

372
81

373
330
53

374

375
166

376
232
357

377
92

378
399

379
61
148

380
55
234

381
155
196
249

382
29

383

384
15

385
274
39
97
181
368

386

387
289
12

388

389
169
237
362

390
356
32
263

391
54
139

392
99

393
92

394
194
23
301

395
153
358
112

396

397
361
9

398
212
186

399
62
123

400
# Victory